logK_posteriorMode
1.2850630602634
0.649761772825326
0.952983747167875
3.39646438087861
-0.474589520017801
-2.30787983562799
0.99881861009512
-1.00917746354978
0.266501964023699
-1.0565867188376
0.468739797891909
-0.457326267755722
1.39487651125334
0.38947855578126
-0.785283949845354
-0.579413434958893
1.14546265818182
-1.61233274602153
-0.444093907881226
-0.410295052657181
0.777294589818025
0.448855973048915
0.203081876437978
0.780556363677309
-1.30417950275485
-0.944969408151969
-1.60752319727559
-0.797659432711149
-1.04354198438634
-2.10059221716995
-0.691949976451339
1.63984289856704
-3.24275854463123
-0.560327805873441
-1.33934830548308
-0.319836428432655
-2.14032274022135
-0.424087906123384
-1.15613980063331
-0.115184599092946
0.630391583411408
-1.21352839779128
0.437239294719577
0.701527713575558
-0.104057971118606
-0.678334684213001
-0.801170397796872
-0.0400507454561518
0.377521822153295
2.87511758105649
-0.121570959284518
0.0683613068725046
-0.471599578312761
-1.3057052388339
-1.14254987834802
-0.941955005943401
0.0314547268049563
-1.18306272466356
-2.22823231224116
-2.18134912877582
-2.5517542482597
-0.793083081422566
-2.10388268506822
-0.576377542490175
0.372462916375072
2.06275916411266
-0.552292742039613
-0.75612975941646
1.50019988754584
0.322726397810829
-0.105499719058915
0.193886603168589
-0.579361122485283
-0.108392008694841
-1.3741014293265
-2.73512353436114
-1.07461352844297
-1.09982158090744
-1.02631981969473
-0.4022274160987
1.60813202615101
-0.305430360459383
1.52647351229848
-1.08092315040598
-0.770163338134895
-2.14897687916139
-2.50609890969184
1.33580117972441
0.812609043462039
-0.31637144358359
-1.54973341465974
-0.575189547347098
0.940995107967808
0.97964046138254
-2.13493419254542
-1.11539481828446
1.3618886189321
-1.39942141514986
-0.384036063305448
-2.95336414662917
-2.82560198639742
-0.622083583182677
-0.961274931268886
0.766770310736972
0.485266581697166
-0.97469770331724
-0.271542269280274
-3.22032513586659
0.435077180778547
-0.222479261933628
0.979895130792923
-1.0040886722439
-1.92364604649035
-0.518356119332181
-0.963323215354628
0.613891300663488
-0.97779098147797
-0.278737576952995
1.61298300011888
-2.05668154635428
0.128704027316942
-1.73418042673554
0.358679856872556
-2.47505800445186
-2.08693594928257
-1.50778947522141
-2.19985959667186
-1.23233279753786
-1.19076816681807
-0.566874265951124
0.29373101451736
-1.09948896940762
0.419587381822519
-0.816542330115518
0.270871356537374
-1.5805023526967
-2.63112996864757
0.927819496597766
-2.91353760402974
-2.25162040392062
1.36914662067987
-0.97959667385187
-0.411905067466732
