id,cond,k,s,k2,s2,weber1,weber2,weberR,stevens1,stevens2,stevensR,meanReproduction,stdReproduction,cvReproduction,meanDiff,stdDiff,cvDiff,meanAbsDiff,stdAbsDiff,cvAbsDiff,meanRelReproduction,stdRelReproduction,cvRelReproduction,meanSR,stdSR,cvSR,meanRelDiff,stdRelDiff,cvRelDiff,meanAbsError,stdAbsError,cvAbsError,weberVar,weberVarR,stevensVar,stevensVarR
1,3,0.1310723,0.0810344,0.145457,0.07979546,4.468196,-2.767723,0.7968657,0.7182214,0.993245,0.8450924,4.828211,3.477801,0.7203084,-2.011692,1.897783,-0.9433764,2.032723,1.874457,0.922141,0.6957234,0.1817576,0.2612498,1.535667,0.4005612,0.2608385,-0.3042767,0.1817576,-0.5973432,0.3112772,1.874457,6.021826,1.061797,0.8055962,1.07185,0.9412337
2,2,0.2835504,0.02585522,0.4999858,0.6886718,3.489151,0.3811592,0.5784039,1.912749,0.6411133,0.6599364,6.384904,3.200623,0.5012798,-0.5872652,2.587965,-4.406809,1.991579,1.716601,0.8619298,1.13465,0.6094308,0.5371092,1.061285,0.4070421,0.383537,0.1346498,0.6094308,4.526043,0.3854501,1.716601,4.453498,0.6473014,0.287442,0.4842582,0.3613497
3,1,0.07581683,0.4148369,0.09966905,0.03919693,3.309386,0.1098063,0.4900546,1.969072,0.583709,0.4931051,5.735763,3.284659,0.5726629,-1.10414,3.249445,-2.942965,2.423501,2.3967,0.988941,0.9925125,0.6265117,0.6312381,1.211223,0.4171276,0.3443856,-0.007487516,0.6265117,-83.67417,0.3685561,2.3967,6.502944,0.3693744,0.04491495,0.1557584,0.04102472
4,1,0.09428607,0.1887148,0.1159234,0.02854836,4.275066,-2.149696,0.8230675,0.8782126,0.9206539,0.8832961,5.1474,3.327111,0.6463674,-1.773821,1.833188,-1.033469,1.903849,1.692719,0.8891034,0.7719759,0.1995798,0.2585312,1.368326,0.307971,0.2250714,-0.2280241,0.1995798,-0.8752577,0.2672154,1.692719,6.334661,0.6955277,0.7475563,0.7547798,0.8232986
5,3,0.1075253,0.04662965,0.1202901,0.1079428,4.702591,-1.744487,0.8597208,1.704724,0.7046282,0.8097416,6.249919,3.5239,0.5638313,-0.589984,2.18302,-3.700134,1.552521,1.622412,1.045018,0.9664783,0.2720199,0.2814547,1.128332,0.3621742,0.3209821,-0.03352166,0.2720199,-8.114748,0.2301065,1.622412,7.050703,0.8387902,0.8167437,0.6181625,0.7503114
6,2,0.0688176,0.851721,0.1160212,0.03998906,6.106277,-4.133617,0.915276,0.8065248,1.060019,0.9820818,6.247054,4.434712,0.7098886,-0.5928488,0.5932298,-1.000643,0.6515596,0.5256824,0.8068063,0.8756492,0.1542604,0.1761669,1.198893,0.356473,0.2973352,-0.1243509,0.1542604,-1.240525,0.1345616,0.5256824,3.906631,0.209721,0.2799985,0.5457929,0.4050225
7,1,0.07713623,0.1000519,0.05639951,0.06131858,4.145382,-2.25201,0.7629824,0.7247929,0.9812526,0.8493467,4.79514,3.297405,0.6876557,-2.044763,1.947858,-0.9526082,2.088452,1.899302,0.9094306,0.7260981,0.2120675,0.2920646,2.065181,3.613655,1.749801,-0.273902,0.2120675,-0.7742461,0.2866873,1.899302,6.624996,0.3880296,0.3330956,0.3436995,0.2559137
8,2,0.01948362,0.05030642,0.01478414,0.02702761,5.217273,-3.599932,0.8084864,0.6216154,1.101292,0.8998699,5.449337,3.948418,0.7245684,-1.556984,1.471314,-0.9449769,1.637608,1.377681,0.8412763,0.7578751,0.1681959,0.2219309,1.386021,0.3301862,0.2382261,-0.2421249,0.1681959,-0.694666,0.2606578,1.377681,5.285401,1.022107,0.7235708,1.36488,0.9277117
9,3,0.09750564,0.3148282,0.07430969,0.7287875,5.633742,-3.086146,0.764365,1.303527,0.8547044,0.7573635,6.491215,4.477252,0.6897402,-0.3486874,2.332774,-6.690158,1.47926,1.817675,1.228773,0.9541528,0.2871878,0.3009872,1.159023,0.4337403,0.3742293,-0.04584724,0.2871878,-6.264015,0.2171561,1.817675,8.370359,1.397976,0.4547605,0.7670916,0.4257601
10,3,0.05109492,0.09291971,NaN,NaN,3.277,-0.1914999,0.4405826,1.949398,0.559628,0.4078487,5.3794,3.430266,0.637667,-1.460503,3.645715,-2.496205,2.76515,2.754659,0.9962059,0.9032361,0.4756648,0.5266229,1.36934,0.6053162,0.4420497,-0.0967639,0.4756648,-4.915726,0.3955401,2.754659,6.964298,1.109718,0.3707666,0.3883709,0.3148623
11,1,0.09252166,0.0363535,NaN,NaN,1.7427,0.9332433,0.6444588,1.777979,0.4366219,0.6297488,3.895833,1.508308,0.3871593,-2.944069,3.500479,-1.188993,3.269258,3.187974,0.9751371,0.7207927,0.3697574,0.5129872,1.695792,0.7226245,0.4261281,-0.2792073,0.3697574,-1.324312,0.416856,3.187974,7.647663,-0.1904963,0.167449,-0.2373537,0.1791342
12,1,0.04098919,0.04044888,0.04417381,0.04522612,5.619614,-3.440044,0.713746,0.75785,1.072559,0.8114117,6.1133,4.621678,0.7560038,-0.7266027,2.047287,-2.817615,1.382506,1.661418,1.201744,0.9032393,0.3276222,0.3627192,1.243564,0.4548668,0.3657767,-0.09676077,0.3276222,-3.385899,0.2433598,1.661418,6.827002,1.170345,0.356656,1.825763,0.64199
13,1,0.1068328,0.1199065,0.1218704,0.0708116,3.824857,-0.5537905,0.8574533,1.832961,0.6396244,0.8513378,5.948467,2.869954,0.4824696,-0.8914361,2.246561,-2.52016,1.676001,1.721412,1.027095,0.9933379,0.298493,0.3004949,1.086545,0.2937754,0.2703757,-0.006662101,0.298493,-44.80463,0.2277305,1.721412,7.558985,0.2487757,0.1852941,0.1830837,0.148793
14,2,0.07153033,0.02280454,0.07156999,0.0428923,4.3679,-1.512663,0.8631967,1.492776,0.7398206,0.8640628,5.912766,3.266501,0.5524489,-0.9271361,1.971222,-2.126141,1.374238,1.679669,1.222255,0.9394134,0.2158184,0.2297374,1.125031,0.2842755,0.2526823,-0.06058655,0.2158184,-3.562151,0.182551,1.679669,9.201097,0.7958488,0.8097777,0.848159,0.9189933
15,3,0.1158808,0.02910094,0.1127846,0.2018825,3.938429,-1.486395,0.7109585,1.15694,0.8001713,0.7479852,5.208933,3.245382,0.6230416,-1.630969,2.368519,-1.452215,1.98235,2.072788,1.045622,0.8317538,0.2731092,0.3283534,1.313187,0.377912,0.2877824,-0.1682462,0.2731092,-1.623272,0.2659922,2.072788,7.792665,1.208544,0.7253198,0.8632903,0.7809756
16,2,0.1105454,0.09696765,0.1192971,0.1227197,5.027943,-2.542769,0.8752636,1.147571,0.8745523,0.9091942,6.004734,3.7341,0.6218594,-0.8351694,1.494932,-1.789974,1.133731,1.275426,1.124982,0.9093335,0.2198736,0.2417964,1.149607,0.2328599,0.2025561,-0.09066647,0.2198736,-2.425082,0.1736209,1.275426,7.34604,0.6909183,0.5718778,0.8356463,0.713713
17,4,0.05025744,0.05685326,0.06184817,0.05207019,3.8311,-0.93997,0.768609,1.441421,0.7249714,0.8057833,5.5729,3.036238,0.5448219,-1.267003,2.24459,-1.771574,1.73103,1.897114,1.095945,0.9238521,0.3238153,0.3505056,1.196667,0.3732925,0.3119434,-0.07614793,0.3238153,-4.252451,0.2489855,1.897114,7.619379,0.5793875,0.2929688,0.6842809,0.392208
18,1,0.05675109,0.1555793,0.06847952,0.128661,3.913271,-1.846728,0.6769481,1.007328,0.8306325,0.6853153,4.805833,3.304664,0.687636,-2.034069,2.585638,-1.271165,2.37264,2.267619,0.9557365,0.7290511,0.2612546,0.3583488,1.553426,0.5906044,0.3801948,-0.2709489,0.2612546,-0.9642208,0.3324822,2.267619,6.820271,1.355716,0.8408411,0.7729414,0.7981197
19,1,0.1223025,0.09235798,0.1203295,0.0312724,2.960086,-1.475346,0.4123316,0.4825878,1.025714,0.4899613,3.5568,3.202919,0.9005058,-3.283103,3.220589,-0.9809589,3.434925,3.052389,0.8886335,0.5578263,0.3941171,0.7065231,9.209723,15.33273,1.664842,-0.4421737,0.3941171,-0.8913174,0.507134,3.052389,6.0189,1.312573,0.9178156,0.6150782,0.9588985
20,2,0.02870483,0.06755852,0.02854031,0.04649676,4.821372,-2.830798,0.800542,1.010186,0.8861961,0.7931759,5.365533,3.744066,0.6977995,-1.474369,2.098129,-1.423069,1.847172,1.766682,0.9564248,0.772707,0.2737891,0.3543246,1.448211,0.5098417,0.3520494,-0.227293,0.2737891,-1.204564,0.3053158,1.766682,5.786407,1.048081,0.6273898,0.7916464,0.6810106
21,4,0.07215724,0.0719576,0.07035991,0.05290025,4.247157,-1.716334,0.8623226,1.205215,0.8075429,0.8934968,5.503833,3.177814,0.5773819,-1.336069,1.846612,-1.382123,1.53633,1.677769,1.092063,0.8626504,0.1650154,0.1912888,1.201399,0.2335876,0.1944297,-0.1373496,0.1650154,-1.201426,0.1791702,1.677769,9.36411,0.7133369,0.6441443,0.9242638,0.6887399
22,2,0.06366433,0.06828919,0.06969905,0.1321888,4.725014,-2.784091,0.8440118,0.9738374,0.8926495,0.8366424,5.248433,3.573501,0.68087,-1.591469,1.930893,-1.213277,1.720585,1.812723,1.053551,0.7526485,0.2252708,0.2993041,1.490858,0.6354482,0.4262299,-0.2473515,0.2252708,-0.9107313,0.2725265,1.812723,6.651548,1.095348,0.7967727,1.161178,0.919337
23,3,0.1193146,0.1196358,0.1149312,0.05044251,4.648371,-0.9135647,0.8438854,1.904976,0.6989368,0.8812934,6.988667,3.5158,0.5030715,0.1487639,1.73617,11.67064,1.370538,1.04596,0.7631748,1.169934,0.3534868,0.3021424,0.9239754,0.2499241,0.2704878,0.1699344,0.3534868,2.080137,0.2778659,1.04596,3.764262,0.4800971,0.7885707,0.3707319,0.7742057
24,4,0.1175775,0.04106225,0.1190239,0.07037547,3.012743,-1.014463,0.7503101,1.168024,0.6836528,0.7030299,4.1072,2.416611,0.588384,-2.732703,2.889586,-1.05741,2.819067,2.802446,0.9941043,0.641398,0.2324371,0.3623915,1.788757,0.7292378,0.4076784,-0.358602,0.2324371,-0.6481758,0.377959,2.802446,7.414684,0.6779408,0.7339387,0.547204,0.68713
25,3,0.1235752,0.03433125,0.1108613,0.06887223,3.037271,-1.657528,0.747574,0.5336127,0.9781408,0.8258865,3.505833,2.44074,0.6961939,-3.334069,2.50752,-0.75209,3.334069,2.50752,0.75209,0.5293841,0.1511316,0.2854857,2.02847,0.5298598,0.2612116,-0.4706159,0.1511316,-0.3211358,0.4706159,2.50752,5.328167,0.6614772,0.5217825,1.011407,0.6253315
26,4,0.1160784,0.03846686,0.1170512,0.1608541,5.518186,-3.551949,0.8482789,0.7373742,1.066041,0.9356581,5.828967,4.162862,0.7141681,-1.010936,1.169857,-1.157202,1.093897,1.08992,0.9963642,0.8383196,0.2007713,0.2394926,2.617248,7.852471,3.000278,-0.1616804,0.2007713,-1.241779,0.1753702,1.08992,6.214965,0.4184976,0.3823535,0.3442296,0.3198632
27,2,0.04001708,0.04971858,0.03619268,0.03995296,4.557443,-2.732886,0.7902209,0.7758594,0.9744797,0.8369641,5.014767,3.562148,0.7103319,-1.825136,1.90839,-1.045615,1.92338,1.805819,0.9388776,0.7293265,0.2078893,0.2850428,1.491332,0.4555195,0.3054448,-0.2706735,0.2078893,-0.7680446,0.2908777,1.805819,6.208173,1.029127,0.9276366,0.7288814,0.910078
28,1,0.046474,0.05139162,0.05265042,0.05760115,4.367357,-2.437741,0.7591921,0.9301274,0.8886366,0.7707906,4.986767,3.482634,0.6983752,-1.853136,2.230505,-1.203638,1.961253,2.132728,1.087431,0.7329738,0.1903526,0.2596991,1.462694,0.4073741,0.2785094,-0.2670262,0.1903526,-0.7128612,0.2823047,2.132728,7.554703,1.42066,0.7001458,1.859689,0.9585153
29,2,0.0231395,0.05678209,0.02011543,0.05502063,5.359286,-3.993119,0.832984,0.535807,1.157516,0.9147947,5.117667,4.079938,0.7972263,-1.722236,1.332793,-0.7738738,1.732187,1.319385,0.7616873,0.6941786,0.1722336,0.2481113,1.537586,0.4224147,0.2747259,-0.3058214,0.1722336,-0.5631835,0.3064901,1.319385,4.304821,0.8120013,0.7629513,0.9678241,0.8424745
30,4,0.05115012,0.03658571,0.05777113,0.05339181,3.360943,-1.95147,0.8645058,0.6943761,0.8946853,0.8670608,3.762133,2.511552,0.6675872,-3.07777,2.371592,-0.7705554,3.07777,2.371592,0.7705554,0.5452639,0.148113,0.2716354,1.97184,0.5457023,0.2767478,-0.4547361,0.148113,-0.3257119,0.4547361,2.371592,5.215315,0.5089018,0.7909552,0.5260296,0.674409
31,2,0.04054155,0.0325902,0.03877288,0.06120765,4.393914,-2.677387,0.8877153,0.7933656,0.9453887,0.9143245,4.792267,3.240259,0.6761433,-2.047636,1.709545,-0.8348873,2.047636,1.709545,0.8348873,0.6903077,0.1511882,0.2190157,1.536243,0.4476431,0.2913883,-0.3096923,0.1511882,-0.4881885,0.3096923,1.709545,5.520142,0.5458745,0.8710194,0.6280894,0.8619771
32,1,0.01844851,0.0603805,0.0237846,0.04358622,3.147671,-1.654208,0.8069507,0.7413417,0.8538859,0.80958,3.696833,2.434618,0.6585686,-3.14307,2.570329,-0.8177766,3.14307,2.570329,0.8177766,0.5497751,0.1227516,0.223276,1.912243,0.4496398,0.2351374,-0.4502249,0.1227516,-0.272645,0.4502249,2.570329,5.708988,0.9265023,0.8145765,1.140158,0.8879745
33,4,0.08964719,0.02999146,0.04165433,0.03961249,6.8447,-5.08509,0.7332706,0.4998331,1.29084,0.8652089,6.5509,5.553762,0.8477861,-0.2890027,2.218342,-7.675851,1.456017,1.677604,1.152188,0.8981159,0.2465039,0.2744678,1.19683,0.3313705,0.2768735,-0.1018841,0.2465039,-2.419453,0.2126279,1.677604,7.889861,1.712507,0.6991861,1.602756,0.9104767
34,2,0.1151083,0.07988247,0.1177588,0.353007,4.716814,-1.805817,0.7466816,1.187013,0.8687446,0.8417711,6.212767,3.792679,0.6104654,-0.6271361,1.797844,-2.866753,1.193797,1.47133,1.232479,1.009573,0.3357862,0.3326022,1.094027,0.3673671,0.3357934,0.009572886,0.3357862,35.0768,0.2243383,1.47133,6.558531,1.058812,0.7839233,0.9358931,0.8967472
35,3,0.01461048,0.04510947,0.01807963,0.03441041,3.627771,-1.878945,0.7924759,0.7819538,0.8963506,0.833338,4.288267,2.83147,0.660283,-2.551636,2.252503,-0.8827683,2.551636,2.252503,0.8827683,0.647803,0.1555241,0.2400793,1.64597,0.4758118,0.2890769,-0.352197,0.1555241,-0.4415827,0.352197,2.252503,6.395578,0.9173857,0.9327502,0.8850845,0.9457389
36,4,0.07600593,0.02898934,0.07221627,0.05488084,4.0674,-1.794047,0.8795521,1.147064,0.7990465,0.8842044,5.120533,3.013361,0.5884857,-1.719369,2.008651,-1.168249,1.797083,1.937003,1.077859,0.7884102,0.1773945,0.2250028,1.329663,0.2890841,0.2174116,-0.2115898,0.1773945,-0.8383884,0.2363973,1.937003,8.193846,0.4701362,0.4689649,0.4152471,0.4021454
37,3,0.04277755,0.04249643,0.02614756,0.06690646,3.697343,-0.2560829,0.6672397,2.125173,0.5732545,0.6259409,6.0294,3.144951,0.5216026,-0.8105027,2.938014,-3.624927,1.945651,2.322799,1.193841,1.009022,0.4310113,0.4271577,1.185968,0.5544398,0.4674999,0.009021522,0.4310113,47.77589,0.3113685,2.322799,7.459967,0.6294564,0.379334,0.3711446,0.4069087
38,4,0.07567151,0.07992827,0.07702951,0.07194167,3.880329,-1.604325,0.8828903,1.015042,0.8417431,0.943252,4.992233,2.869328,0.5747584,-1.847669,1.85229,-1.002501,1.883397,1.814684,0.9635165,0.7871045,0.1438251,0.1827268,1.311986,0.2423976,0.1847563,-0.2128955,0.1438251,-0.6755667,0.2273012,1.814684,7.98361,0.4281782,0.72902,0.8097702,0.8444106
39,1,0.03582108,0.07069872,0.01808363,0.08128462,4.2623,-2.136677,0.7376217,0.9310772,0.8955371,0.7821361,5.109233,3.448198,0.6748953,-1.730669,2.176833,-1.257798,1.978739,1.94594,0.9834241,0.7772224,0.2401257,0.3089537,1.409267,0.4379445,0.3107604,-0.2227776,0.2401257,-1.077872,0.283784,1.94594,6.857114,1.154445,0.9183365,0.7855136,0.9622623
40,2,0.08087146,0.05440211,0.06362911,0.03911774,3.625386,-0.9572557,0.8595008,1.567287,0.6541455,0.8099621,5.2059,2.717041,0.5219156,-1.634003,2.496933,-1.528109,1.949903,2.250218,1.154016,0.831105,0.2313275,0.2783373,1.291954,0.3517941,0.2722961,-0.168895,0.2313275,-1.369653,0.2473682,2.250218,9.096633,0.5425678,0.4836532,0.5773077,0.4779337
41,4,0.05314805,0.06598043,0.03586783,0.1003024,3.175857,-1.441224,0.7718224,0.9278494,0.7788413,0.7536677,3.957733,2.511697,0.6346302,-2.882169,2.684728,-0.9314956,2.882169,2.684728,0.9314956,0.6030583,0.1583519,0.2625813,1.778379,0.4921961,0.2767667,-0.3969417,0.1583519,-0.3989297,0.3969417,2.684728,6.763532,0.8914348,0.6043618,0.9793702,0.6394792
42,1,0.1159411,0.09771504,0.1012815,0.01833138,4.011171,-2.081325,0.7686423,0.7582299,0.954479,0.8503106,4.737667,3.17888,0.67098,-2.102236,1.997241,-0.9500553,2.140669,1.954553,0.9130573,0.7253526,0.200488,0.2764007,1.488207,0.4334117,0.2912309,-0.2746474,0.200488,-0.7299832,0.2937326,1.954553,6.654192,0.7525693,0.5106784,0.8546339,0.6119508
43,1,0.1096967,0.1898427,0.06213877,0.04667723,4.068114,-1.211394,0.8266606,1.523454,0.7115636,0.8197095,5.7044,3.108813,0.5449851,-1.135503,2.205743,-1.942526,1.722073,1.769558,1.027574,0.911243,0.2874894,0.3154915,1.192591,0.3587731,0.300835,-0.08875699,0.2874894,-3.239062,0.2203421,1.769558,8.030957,0.4061547,0.2342435,0.3245336,0.2062555
44,4,0.04480822,0.03167974,0.03608439,0.04699072,2.980814,-0.2207509,0.8536844,1.538852,0.623588,0.8629609,4.846633,2.241565,0.4624993,-1.993269,2.606763,-1.307782,2.302749,2.328054,1.010989,0.8264681,0.2812158,0.3402621,1.327365,0.3804888,0.2866496,-0.1735319,0.2812158,-1.620543,0.2875872,2.328054,8.095124,0.0523253,0.03580826,0.05950294,0.03552591
45,3,0.1190244,0.06063795,0.1076591,0.03622819,4.316,-2.638333,0.7408004,0.6314152,1.037196,0.81787,4.698867,3.484142,0.7414857,-2.141036,2.017685,-0.9423873,2.187608,1.965327,0.8983907,0.6859706,0.211354,0.3081094,2.589478,6.029514,2.328467,-0.3140294,0.211354,-0.6730389,0.3242103,1.965327,6.061888,1.018102,0.7046335,0.7567027,0.6808528
46,4,0.119428,0.1032607,0.1220589,0.0642004,5.559971,-3.397685,0.8738589,0.8589271,1.013633,0.950228,6.054266,4.132539,0.6825829,-0.7856361,1.041418,-1.325572,0.9206467,0.9199134,0.9992034,0.883765,0.1212697,0.1372194,1.151747,0.1546024,0.1342329,-0.116235,0.1212697,-1.043314,0.1403863,0.9199134,6.552729,0.7366316,0.7359001,1.242343,0.9128324
47,3,0.1236331,0.05468328,0.1094038,0.0956338,6.019043,-3.621273,0.82429,0.9234912,1.019606,0.9048306,6.6111,4.606302,0.6967528,-0.2288027,1.428449,-6.243148,1.094258,0.9251668,0.8454743,0.9706627,0.2032713,0.209415,1.071703,0.2099887,0.1959392,-0.02933735,0.2032713,-6.928753,0.1680831,0.9251668,5.504224,0.9657779,0.7864317,0.7198328,0.773436
48,2,0.05677005,0.05087247,0.0707021,0.04273277,3.525914,-0.9563209,0.8798092,1.44614,0.6769958,0.852941,5.037734,2.611816,0.5184506,-1.802169,2.410995,-1.337829,1.929058,2.307189,1.196018,0.8108447,0.181488,0.2238258,1.300665,0.3250239,0.2498906,-0.1891553,0.181488,-0.9594655,0.2184968,2.307189,10.55937,0.5886224,0.8198467,0.6572042,0.7761749
49,1,0.05172012,0.08942561,0.06855793,0.03350283,4.438329,-2.161659,0.7544987,1.019255,0.8776003,0.7942994,5.3835,3.55022,0.6594631,-1.456403,2.10519,-1.445472,1.732839,1.876114,1.082682,0.8226531,0.2420358,0.2942137,1.321673,0.3978277,0.3010031,-0.1773469,0.2420358,-1.364759,0.2566272,1.876114,7.310659,1.089108,0.4486586,1.720506,0.7428071
50,2,0.09934042,0.05374878,0.09952606,0.04949908,3.8575,-1.240117,0.7168167,1.393343,0.721625,0.7137592,5.317633,3.165679,0.5953173,-1.522269,2.553303,-1.677301,1.888872,2.28598,1.210235,0.8511319,0.2630835,0.3090985,1.298328,0.4594055,0.3538439,-0.1488681,0.2630835,-1.767226,0.2507766,2.28598,9.1156,1.264184,0.8404169,0.9256721,0.8986829
51,4,0.1147521,0.08052758,NaN,NaN,5.853314,-4.174234,0.8110839,0.5438646,1.199265,0.9316365,5.7764,4.515792,0.7817659,-1.063503,1.246369,-1.171947,1.126187,1.188041,1.054923,0.8058894,0.1859881,0.2307862,4.610143,18.55721,4.025301,-0.1941105,0.1859881,-0.9581558,0.1983233,1.188041,5.990427,0.5798571,0.2520536,0.4851453,0.1983601
52,3,0.1143267,0.2045984,0.22008,1.058934,5.3611,-4.016637,0.6982496,0.4782235,1.20427,0.7815769,5.097233,4.457728,0.8745387,-1.742669,2.174596,-1.247853,2.248149,1.625432,0.7230093,0.6886033,0.2402523,0.348898,1.603852,0.4784503,0.2983133,-0.3113967,0.2402523,-0.7715313,0.3559386,1.625432,4.56661,1.947019,0.8259447,1.205761,0.9006009
53,2,0.0982291,0.03678741,0.1060989,0.08397958,4.210472,-3.002901,0.8083141,0.500905,1.093095,0.8653525,4.1549,3.253911,0.7831503,-2.685003,1.899006,-0.7072639,2.685003,1.899006,0.7072639,0.5701184,0.148595,0.2606389,1.864059,0.456039,0.2446484,-0.4298816,0.148595,-0.345665,0.4298816,1.899006,4.417509,1.100292,0.918118,1.164532,0.9797943
54,4,0.113498,0.04644916,0.1170792,0.01895806,2.349072,1.053012,0.5940436,2.276685,0.443268,0.5657102,5.046433,2.11764,0.419631,-1.793469,3.340281,-1.862469,2.52179,2.811798,1.115001,0.91518,0.3905856,0.4267856,1.319433,0.6195608,0.4695658,-0.08482006,0.3905856,-4.604873,0.3365371,2.811798,8.355091,0.5765694,0.7973433,0.4455695,0.8200282
55,2,0.09121737,0.2551955,0.08528686,0.2936962,2.342686,0.859901,0.4027507,2.179751,0.4452658,0.3705973,4.842467,2.564844,0.5296564,-1.997436,3.703701,-1.854227,2.773269,3.144598,1.133896,0.8594808,0.5260757,0.6120855,1.526297,0.9596996,0.6287764,-0.1405192,0.5260757,-3.743799,0.3627424,3.144598,8.668956,0.6094161,0.1884832,0.3065244,0.176719
56,4,0.03047478,0.04707445,0.03029058,0.0497012,6.312614,-4.132611,0.8924903,0.8465291,1.061032,0.9756449,6.598834,4.64272,0.7035668,-0.2410694,0.7326854,-3.039313,0.576936,0.5026066,0.8711653,0.9429691,0.1131923,0.1200382,1.07666,0.1410528,0.1310096,-0.05703093,0.1131923,-1.984754,0.09815563,0.5026066,5.120508,0.4625858,0.5118048,0.8874042,0.6105757
57,2,0.04954346,0.04601556,0.0318156,0.04752933,4.068986,-0.2478424,0.5455803,2.249532,0.5943144,0.5314046,6.669433,3.827559,0.5738956,-0.1704694,3.225445,-18.92096,1.849397,2.6259,1.419868,1.128374,0.3993107,0.3538815,3.937067,16.49952,4.190814,0.128374,0.3993107,3.110526,0.3025561,2.6259,8.679051,2.007164,0.5632318,1.619034,0.7961987
59,2,0.1155705,0.04386719,0.1159357,0.04309259,4.524071,-2.974288,0.7195932,0.544892,1.105913,0.8022053,4.716633,3.705535,0.7856314,-2.123269,2.045389,-0.9633206,2.214041,1.943279,0.8777068,0.6704811,0.2000772,0.2984084,1.621656,0.4788451,0.2952815,-0.3295189,0.2000772,-0.6071799,0.3466724,1.943279,5.605521,1.316788,0.767949,1.23033,0.9038033
60,4,0.04219072,0.0379708,0.03039938,0.04406856,4.934886,-2.358306,0.8783498,1.092858,0.8967699,0.9473203,6.031,3.658545,0.6066232,-0.8089027,1.260554,-1.558351,1.047986,1.062892,1.014223,0.9306039,0.1734706,0.1864065,1.110845,0.2088531,0.1880128,-0.06939615,0.1734706,-2.499715,0.1472719,1.062892,7.217203,0.3787064,0.7870608,0.5176566,0.8481231
61,4,0.01933765,0.02865807,0.01634573,0.0331811,3.0631,-0.2759033,0.5596302,1.541909,0.6312537,0.5663529,4.931366,2.844957,0.5769104,-1.908536,3.052005,-1.599134,2.226761,2.820178,1.266493,0.8378261,0.3064817,0.3658059,1.392017,0.6235961,0.4479804,-0.1621739,0.3064817,-1.889833,0.2646923,2.820178,10.65455,1.476279,0.749175,1.077827,0.877928
62,2,0.02482254,0.03859075,0.01615489,0.02856096,5.3769,-4.060763,0.8569674,0.480841,1.201204,0.9539294,5.079967,4.035663,0.794427,-1.759936,1.057569,-0.6009135,1.759936,1.057569,0.6009135,0.6830727,0.1478435,0.2164388,1.538524,0.3666191,0.2382927,-0.3169273,0.1478435,-0.4664902,0.3169273,1.057569,3.336946,0.6986716,0.8596196,0.8981375,0.8612043
63,3,0.01645862,0.03261078,0.01377994,0.02032289,4.1344,-2.606613,0.8323966,0.6510072,0.998996,0.8847265,4.421867,3.148563,0.7120438,-2.418036,1.882294,-0.778439,2.418036,1.882294,0.778439,0.6372606,0.1222693,0.1918671,1.622675,0.295537,0.1821296,-0.3627394,0.1222693,-0.3370721,0.3627394,1.882294,5.189107,0.8147804,0.406415,4.834325,0.8865253
64,2,0.05137454,0.07707026,0.04569887,0.0511967,4.668843,-3.090866,0.7468397,0.6454704,1.045197,0.8015922,4.846167,3.753709,0.7745728,-1.993736,2.027892,-1.017132,2.004325,2.017065,1.006356,0.6854385,0.2211385,0.3226235,1.657525,0.7112056,0.4290769,-0.3145616,0.2211385,-0.7030056,0.3180863,2.017065,6.341251,1.346329,0.9257867,0.9284576,0.9822357
65,1,0.02662837,0.05432108,0.01535408,0.0575809,4.380486,-2.103026,0.743507,0.9373259,0.9112371,0.8086627,5.3438,3.529757,0.6605331,-1.496103,2.033862,-1.35944,1.72044,1.841228,1.070208,0.8225335,0.1874022,0.2278353,1.282922,0.3126728,0.2437194,-0.1774665,0.1874022,-1.055986,0.2102044,1.841228,8.75923,1.322272,0.6259469,2.04464,0.9220951
66,3,0.06696289,0.05429645,0.06215154,0.05729257,5.591772,-3.572478,0.8688786,0.8640978,1.004251,0.9191977,5.933533,4.168069,0.7024598,-0.9063694,1.290008,-1.42327,1.164769,1.053795,0.9047245,0.8475407,0.1763626,0.2080874,1.237324,0.3011557,0.2433926,-0.1524593,0.1763626,-1.156785,0.1916125,1.053795,5.499617,0.865898,0.7427347,1.028152,0.9139387
67,1,0.1069274,0.04804697,0.1120419,0.146096,2.761672,-1.087408,0.7850993,0.9357758,0.7290621,0.7509286,3.607433,2.165582,0.6003112,-3.232469,2.896508,-0.8960668,3.232469,2.896508,0.8960668,0.5566238,0.1544693,0.2775111,1.949054,0.5975346,0.3065767,-0.4433762,0.1544693,-0.3483932,0.4433762,2.896508,6.532845,0.7761995,0.9116575,0.9190086,0.9845836
68,4,0.1150535,0.3207917,0.118123,0.2415744,5.670314,-3.407668,0.9107187,0.9083559,1.001038,0.9877453,6.231867,4.128384,0.6624634,-0.608036,0.6129549,-1.00809,0.637465,0.5812021,0.9117397,0.9136578,0.07508077,0.08217604,1.10164,0.09026901,0.08194055,-0.08634224,0.07508077,-0.8695718,0.09713028,0.5812021,5.983738,0.3004551,0.7776455,0.8987993,0.9328089
69,2,0.08776585,0.04547995,0.05810202,0.05183221,5.325757,-2.105687,0.8478205,1.869919,0.7119322,0.7933652,6.9481,4.018782,0.5784001,0.1081973,2.215116,20.47294,1.618583,1.486169,0.9181916,1.064055,0.3433951,0.3227231,1.031591,0.3123489,0.3027836,0.06405505,0.3433951,5.360937,0.2665111,1.486169,5.576389,0.5662102,0.6362189,0.3669308,0.5686942
70,2,0.06365333,0.03201582,NaN,NaN,3.862914,-1.683954,0.715676,0.9401176,0.8672462,0.7697278,4.883,3.172648,0.6497334,-1.956903,2.296043,-1.173305,2.227019,2.025512,0.9095172,0.7628879,0.2357504,0.3090237,1.419932,0.3799389,0.2675755,-0.2371121,0.2357504,-0.9942573,0.3029599,2.025512,6.685744,0.857709,0.4302814,0.767922,0.4785499
71,3,0.1776331,0.2867038,0.1190811,0.1210279,3.9336,-2.12952,0.8166497,0.7425235,0.947951,0.884293,4.5576,3.024387,0.663592,-2.282303,1.958121,-0.8579587,2.282303,1.958121,0.8579587,0.6867979,0.1371833,0.1997433,1.50969,0.2819609,0.1867674,-0.3132021,0.1371833,-0.4380025,0.3132021,1.958121,6.251942,0.8358052,0.9000962,0.9257555,0.9306602
72,1,0.11108,0.08306947,0.1175594,0.08915769,2.568829,-0.6925419,0.4999764,0.7228626,0.8503738,0.587688,3.674467,2.524209,0.6869594,-3.165436,3.011686,-0.9514285,3.169053,3.007749,0.9491004,0.6172535,0.2448807,0.3967263,15.01646,50.92908,3.391551,-0.3827465,0.2448807,-0.6397986,0.3845424,3.007749,7.821632,1.289196,0.7472121,0.8384339,0.6545105
73,2,0.07111993,0.07630856,0.1208789,0.03148779,6.072014,-3.748724,0.8099634,0.8284703,1.065586,0.9097416,6.5737,4.687757,0.7131079,-0.2662027,1.421489,-5.339874,0.9675914,1.060859,1.096391,0.9620209,0.1892709,0.196743,1.079627,0.2187006,0.2025706,-0.03797908,0.1892709,-4.983556,0.1533583,1.060859,6.91752,1.091648,0.7461677,1.209299,0.9431205
74,4,0.1138572,0.147029,0.06303116,0.05655218,4.847243,-2.82128,0.9093206,0.8891698,0.9473785,0.9555252,5.419034,3.531842,0.6517476,-1.420869,1.301237,-0.9158034,1.460907,1.254536,0.8587381,0.7948963,0.1537082,0.1933689,1.318338,0.3531077,0.267843,-0.2051037,0.1537082,-0.7494171,0.2209146,1.254536,5.67883,0.3283215,0.6803321,0.4957319,0.7604783
75,3,0.105349,0.06437391,0.0488735,0.04018406,5.9682,-4.317606,0.8886918,0.751747,1.064563,0.9232287,5.828333,4.398786,0.7547244,-1.011569,1.224136,-1.210136,1.277171,0.9325523,0.73017,0.7852331,0.2203393,0.2806037,1.393581,0.4809301,0.3451038,-0.2147669,0.2203393,-1.025946,0.2523208,0.9325523,3.695899,0.7692966,0.8662472,0.7950231,0.8508163
76,3,0.1124928,0.07077361,0.07258013,0.07724005,6.358986,-4.184709,0.6962948,0.78855,1.093367,0.7719103,6.625566,5.294882,0.7991591,-0.2143361,2.541176,-11.85603,1.470726,2.065787,1.404603,0.9432417,0.230478,0.2443467,1.118259,0.2560806,0.2289994,-0.05675833,0.230478,-4.06069,0.1831717,2.065787,11.27787,2.450219,0.7113022,2.070991,0.978423
77,4,0.0327994,0.03850212,0.03604579,0.0346842,5.507071,-2.517522,0.8112389,1.494772,0.8113507,0.8157417,6.8445,4.248262,0.6206827,0.004597263,1.994013,433.7391,1.478264,1.309767,0.8860175,1.045964,0.303189,0.2898656,1.030878,0.2779984,0.2696716,0.04596406,0.303189,6.596219,0.2428816,1.309767,5.392616,1.091462,0.559434,0.9058788,0.7140197
78,1,0.01742006,0.03314988,0.01573792,0.0244325,4.314486,-2.573092,0.8093976,0.8364229,0.9181757,0.8233938,4.761533,3.332062,0.6997876,-2.078369,2.056689,-0.9895685,2.175914,1.949532,0.8959602,0.6912223,0.2293787,0.331845,1.680282,0.8462211,0.5036185,-0.3087777,0.2293787,-0.7428603,0.329612,1.949532,5.914627,0.7708227,0.5224442,0.5345688,0.4487014
79,2,0.06319258,0.04702536,0.03469075,0.03961427,5.313571,-3.596871,0.768218,0.6564996,1.088976,0.8411986,5.4362,4.212203,0.7748433,-1.403703,1.802547,-1.284137,1.719718,1.492679,0.8679788,0.7650484,0.2788064,0.3644298,1.542198,0.7804678,0.5060749,-0.2349516,0.2788064,-1.186655,0.2921238,1.492679,5.109748,1.062906,0.8157797,0.696255,0.8686256
80,4,0.0501861,0.0611531,0.03592396,0.0567033,3.262686,-0.9274324,0.7641175,1.281716,0.6933713,0.7499673,4.619133,2.593344,0.5614353,-2.220769,2.665824,-1.200405,2.275301,2.61782,1.150538,0.7424469,0.2026738,0.2729808,1.463134,0.4699873,0.3212197,-0.2575531,0.2026738,-0.7869203,0.2725804,2.61782,9.603847,0.9910632,0.8292776,1.02223,0.9595277
81,3,0.0465551,0.07875454,0.03620685,0.05512398,5.465329,-3.104425,0.928961,1.050639,0.9310457,0.9703152,6.186633,3.939876,0.6368368,-0.6532694,0.9413213,-1.440939,0.8681902,0.7401465,0.8525166,0.9101346,0.1283591,0.1410331,1.119457,0.1537923,0.1373812,-0.08986544,0.1283591,-1.428348,0.1358771,0.7401465,5.447176,0.3804844,0.6158907,0.5559148,0.554894
82,3,0.07919981,0.1236687,0.0920644,0.02831224,5.121457,-3.047744,0.8689342,0.8729432,0.9757022,0.9279817,5.658733,3.817378,0.6745993,-1.181169,1.322598,-1.119736,1.210051,1.295307,1.070457,0.8289133,0.1418936,0.1711802,1.244066,0.2310378,0.1857118,-0.1710867,0.1418936,-0.8293667,0.1804751,1.295307,7.177205,0.6929288,0.6093706,1.243937,0.8218673
83,2,0.1151301,0.2784517,0.1183771,0.08198705,4.334514,-2.482208,0.6729659,0.6861525,1.015393,0.7527939,4.886467,3.671207,0.7513011,-1.953436,2.256402,-1.155094,2.097582,2.118319,1.009886,0.7308837,0.2385694,0.3264122,2.366042,5.203663,2.199311,-0.2691163,0.2385694,-0.886492,0.3011027,2.118319,7.035206,1.421925,0.7524095,1.080172,0.8673134
84,1,0.06880663,0.03926408,0.06750266,0.1345242,4.494657,-1.715784,0.8795568,1.412052,0.767822,0.8865907,5.925133,3.329888,0.5619938,-0.9147694,1.827439,-1.997705,1.380849,1.494222,1.082104,0.9293422,0.2077802,0.2235778,1.128215,0.251998,0.2233599,-0.0706578,0.2077802,-2.940655,0.1742943,1.494222,8.572983,0.7104911,0.6940311,0.6639865,0.6729092
85,3,0.1075375,0.03734661,0.1183099,0.2696723,3.769057,-1.311664,0.8186088,1.17942,0.7798054,0.8537663,5.095733,2.894407,0.5680059,-1.744169,2.153569,-1.234725,1.948918,1.963576,1.007521,0.8144947,0.2212949,0.2716959,1.314826,0.3595338,0.273446,-0.1855053,0.2212949,-1.19293,0.2490907,1.963576,7.882976,0.5606785,0.5555491,0.5071381,0.5334144
86,2,0.04476747,0.06001053,0.05050458,0.03298244,6.194071,-4.733688,0.8652896,0.5752252,1.181881,0.944135,5.796233,4.626585,0.7982054,-1.043669,1.088856,-1.043296,1.25051,0.8334955,0.6665245,0.7698469,0.210809,0.2738324,1.403019,0.4073528,0.2903402,-0.2301531,0.210809,-0.9159512,0.2582518,0.8334955,3.227453,0.6606045,0.6750045,0.5459177,0.5785186
87,1,0.08478089,0.05985055,0.04131706,0.05984128,3.932014,-1.371791,0.7732732,1.315311,0.748943,0.78056,5.312634,3.106802,0.5847952,-1.527269,2.329806,-1.525472,1.614156,2.2684,1.405317,0.8442891,0.1855455,0.2197654,1.255387,0.3465117,0.2760199,-0.155711,0.1855455,-1.191602,0.1822159,2.2684,12.44897,1.353743,0.8002056,1.473694,0.988782
88,3,0.01612051,0.02603844,0.03371096,0.03332249,5.937014,-3.724358,0.9224755,0.9021836,1.015539,0.9936139,6.368567,4.294926,0.6743945,-0.4713361,0.4109896,-0.8719673,0.5061892,0.3656061,0.7222716,0.9197494,0.08804668,0.09572898,1.098524,0.1231728,0.1121257,-0.08025054,0.08804668,-1.097147,0.08933689,0.3656061,4.092443,0.00836209,0.002164712,0.02704775,0.002176653
89,2,0.02446203,0.02103925,0.01526341,0.04106911,5.758014,-3.482124,0.7716038,0.8908079,1.014452,0.8352489,6.3065,4.554499,0.7221912,-0.5334027,1.881942,-3.528183,1.393054,1.352228,0.9706935,0.9139455,0.2411133,0.2638159,1.180065,0.3559157,0.301607,-0.08605449,0.2411133,-2.801868,0.2094851,1.352228,6.455009,1.457527,0.6571949,1.646637,0.8823755
90,4,0.1180549,0.2754109,0.1167441,0.4980609,5.689586,-4.401863,0.8115923,0.5070036,1.19641,0.8892897,5.270433,4.388102,0.8325884,-1.569469,1.503639,-0.9580558,1.652875,1.408155,0.851943,0.6967401,0.1836673,0.2636095,1.545285,0.4519611,0.2924776,-0.3032599,0.1836673,-0.6056433,0.3092416,1.408155,4.553576,1.352744,0.6542619,2.149554,0.9433662
91,1,0.1201168,0.2638816,0.1191588,0.09919171,4.622786,-2.187036,0.8294342,1.110633,0.8617094,0.8687002,5.6717,3.526775,0.6218198,-1.168203,1.781022,-1.524583,1.308776,1.676853,1.281237,0.870501,0.159031,0.1826891,1.191012,0.2461242,0.2066513,-0.129499,0.159031,-1.228048,0.1623486,1.676853,10.32872,1.130358,0.7695655,1.279626,0.9052195
95,3,0.08321597,0.04283822,0.0703607,0.03870096,3.734557,-2.044847,0.8126917,0.6997985,0.9491705,0.8764223,4.3039,2.878334,0.6687735,-2.536003,2.079088,-0.8198287,2.553219,2.057174,0.8057179,0.6460036,0.149783,0.231861,1.629421,0.3819375,0.2344007,-0.3539964,0.149783,-0.4231202,0.3625458,2.057174,5.674246,0.7656078,0.7081387,1.141928,0.9136726
96,2,0.08595179,0.06584409,0.1203723,0.2006818,5.121343,-3.39295,0.8209448,0.6982825,1.050837,0.8814728,5.313334,3.92728,0.7391368,-1.526569,1.582247,-1.036472,1.643664,1.455846,0.8857322,0.7498813,0.2185518,0.2914486,1.455629,0.4617631,0.3172258,-0.2501187,0.2185518,-0.8737922,0.2752941,1.455846,5.28833,0.8229268,0.851144,0.5578669,0.7431755
97,3,0.1236217,0.02649295,0.1176156,0.07675037,6.5682,-3.85914,0.8348091,1.115014,0.979903,0.8985522,7.3068,4.994796,0.6835819,0.4668972,1.606737,3.441308,1.199442,1.14841,0.9574533,1.076516,0.2529806,0.2349995,0.9839285,0.2570975,0.2612969,0.07651572,0.2529806,3.306257,0.2030475,1.14841,5.655867,1.009748,0.8929037,0.6978151,0.9472432
98,4,0.01581243,0.04187974,0.02323391,0.04067071,5.035814,-3.167051,0.9085078,0.9203559,0.9333335,0.9128789,5.393833,3.670882,0.6805701,-1.446069,1.494203,-1.033286,1.482991,1.456287,0.9819931,0.7642021,0.1468255,0.1921292,1.363338,0.3073557,0.2254434,-0.2357979,0.1468255,-0.6226752,0.2394996,1.456287,6.080539,0.746799,0.8679564,1.119103,0.9941473
99,2,0.03846065,0.03582789,0.03747289,0.03911258,4.626414,-2.706871,0.7983075,0.8284197,0.9567453,0.8392623,5.158033,3.597696,0.6974937,-1.681869,1.888473,-1.122842,1.84809,1.720275,0.9308394,0.7520368,0.2282266,0.303478,1.464872,0.5302476,0.3619754,-0.2479632,0.2282266,-0.9204051,0.2850521,1.720275,6.03495,0.9334512,0.8505278,0.7237862,0.8539121
100,1,0.1177449,0.2204586,0.1171652,0.2584904,4.572971,-2.810585,0.7088103,0.6244551,1.066443,0.8019844,4.963467,3.773971,0.7603498,-1.876436,2.031949,-1.082877,1.876436,2.031949,1.082877,0.7308753,0.195051,0.2668731,4.050321,14.63781,3.613988,-0.2691247,0.195051,-0.7247605,0.2691247,2.031949,7.550215,1.50385,0.8749553,1.083674,0.8811799
101,2,0.03715818,0.1421507,0.03116417,0.07339557,4.502557,-2.702447,0.6701578,0.650788,1.046181,0.7521077,4.9519,3.821516,0.7717273,-1.888003,2.251673,-1.192622,2.098727,2.049625,0.9766036,0.732593,0.2639179,0.3602518,1.541122,0.5731063,0.371876,-0.267407,0.2639179,-0.9869521,0.3289196,2.049625,6.231385,1.436012,0.6277574,1.380211,0.8743598
102,4,0.03930308,0.07291333,0.08984604,0.09714271,4.557286,-1.334786,0.7025084,1.757429,0.6995383,0.6919631,6.4126,3.777857,0.5891303,-0.4273027,2.581413,-6.041181,1.733213,1.93519,1.116533,1.031086,0.4185147,0.405897,1.140929,0.5289297,0.4635957,0.03108594,0.4185147,13.46315,0.3108761,1.93519,6.224957,0.8603612,0.3224639,0.565052,0.3936298
103,4,0.01323604,0.08703826,0.01419491,0.02398808,4.064514,-2.697808,0.8398326,0.6435798,0.9847645,0.8555242,4.211867,3.081607,0.7316489,-2.628036,2.031669,-0.773075,2.628036,2.031669,0.773075,0.5850832,0.1894595,0.3238163,1.93293,0.7619982,0.3942193,-0.4149168,0.1894595,-0.4566203,0.4149168,2.031669,4.89657,0.7904742,0.7838574,0.7993985,0.831292
104,4,0.01466473,0.02424126,0.01448933,0.02159501,6.265957,-4.091694,0.8974343,0.8775266,1.042672,0.9687852,6.560433,4.595694,0.7005168,-0.2794694,0.8088192,-2.894125,0.6773497,0.5102563,0.7533129,0.9350945,0.1322411,0.1414201,1.092049,0.1675349,0.1534133,-0.06490546,0.1322411,-2.037442,0.1168478,0.5102563,4.366846,0.5457887,0.8576387,0.7838263,0.9409191
105,4,0.07055143,0.08196141,0.06690809,0.03368458,4.4972,-2.041973,0.6894467,1.090821,0.8631415,0.7294379,5.603267,3.763196,0.6716076,-1.236636,2.347976,-1.89868,1.766167,1.966745,1.113567,0.8660704,0.2849148,0.3289742,1.271691,0.4082847,0.3210566,-0.1339296,0.2849148,-2.127348,0.2605686,1.966745,7.547894,1.36405,0.4671758,2.18503,0.7864534
106,1,0.04442437,0.06432241,0.03542401,0.05614832,8.750243,-6.042779,0.8132393,1.198025,1.039515,0.848976,8.832633,6.741801,0.7632833,1.992731,3.115022,1.563193,2.274284,2.908701,1.278953,1.21754,0.3786994,0.3110365,0.9065849,0.3209013,0.3539672,0.2175398,0.3786994,1.740828,0.3196156,2.908701,9.100623,1.956071,0.6684749,0.9528641,0.7277895
107,1,0.1232912,0.0716258,0.1193895,0.08879077,5.314614,-3.139811,0.8738287,0.89568,0.9817312,0.935204,5.895033,3.950241,0.6700965,-0.9448694,1.22026,-1.291459,1.017008,1.158717,1.139339,0.8614801,0.1460059,0.1694826,1.208591,0.3117968,0.2579838,-0.1385199,0.1460059,-1.054042,0.1567644,1.158717,7.391458,0.5712767,0.3270001,0.6234746,0.2743925
108,1,0.1162069,0.124224,0.1079479,0.09640773,5.329729,-3.124972,0.8223047,0.8791674,0.9930148,0.8963413,5.935567,4.083699,0.6880049,-0.9043361,1.46412,-1.619,1.049608,1.36015,1.295864,0.8787733,0.1712373,0.1948595,1.187326,0.2723774,0.2294041,-0.1212268,0.1712373,-1.412538,0.1613837,1.36015,8.428046,1.047703,0.7509121,1.050073,0.8562007
109,1,0.04133945,0.05264282,0.05351205,0.04007754,4.158586,-2.131962,0.7229167,0.8129442,0.9416993,0.7962586,4.937634,3.398338,0.6882524,-1.902269,2.126532,-1.117892,2.249379,1.741083,0.7740282,0.7580621,0.3200462,0.42219,1.505077,0.5128039,0.340716,-0.2419379,0.3200462,-1.322845,0.3658259,1.741083,4.75932,0.6015797,0.4362175,0.4664873,0.5112382
110,1,0.09124585,0.1633887,0.09318642,0.03523634,0.1479143,2.353746,0.001028279,2.283203,0.07658801,0.001376131,2.6052,3.204938,1.230208,-4.234703,5.245934,-1.238796,5.153003,4.312984,0.8369844,0.6061035,0.8063133,1.330323,25.00617,50.20877,2.007855,-0.3938965,0.8063133,-2.047018,0.7504725,4.312984,5.747024,0.8083484,0.07215431,0.7280436,0.1371391
111,1,0.01385553,0.02491083,0.01472786,0.03364928,4.205129,-2.350419,0.7308218,0.6180544,1.051482,0.8404504,4.7983,3.417736,0.7122806,-2.041603,1.944896,-0.9526322,2.099181,1.880421,0.8957881,0.722301,0.200443,0.2775061,1.495699,0.4353654,0.2910783,-0.277699,0.200443,-0.7217994,0.296865,1.880421,6.334264,0.8263357,0.955833,0.809123,0.9902552
112,1,0.1213586,0.0730652,0.1178721,0.07056259,5.717814,-3.528918,0.8584979,0.9668012,0.9720979,0.9023489,6.191367,4.28771,0.6925305,-0.6485361,1.413281,-2.179187,1.106591,1.079674,0.9756757,0.8955558,0.2689593,0.3003266,1.263222,0.60392,0.4780791,-0.1044442,0.2689593,-2.575147,0.2168665,1.079674,4.978521,0.3210963,0.1375956,0.4434329,0.1995048
113,1,0.07989059,0.01852276,0.09949671,0.06134615,4.193143,-2.151476,0.581391,0.7465143,0.9824156,0.6576662,4.976867,3.820943,0.7677407,-1.863036,2.638837,-1.416417,2.038275,2.501245,1.227138,0.7644373,0.2870742,0.3755367,11.53468,54.9158,4.76093,-0.2355628,0.2870742,-1.218674,0.2836307,2.501245,8.818666,1.804754,0.8299204,0.999707,0.8848911
114,1,0.0377704,0.05537612,0.1158537,0.2323173,2.653457,-1.42841,0.859023,0.5925096,0.873682,0.8692984,3.082467,1.989183,0.6453218,-3.757436,2.76236,-0.7351715,3.764724,2.752077,0.7310169,0.4555251,0.1328441,0.2916284,2.335257,0.5762457,0.2467591,-0.5444749,0.1328441,-0.2439857,0.5461009,2.752077,5.039502,0.3520446,0.3407693,0.5834919,0.3308697
115,1,0.04086988,0.05685527,0.04161385,0.05344203,5.7932,-3.766307,0.8996569,0.8053818,1.046871,0.976711,6.082133,4.243704,0.6977328,-0.7577694,0.7206906,-0.9510685,0.7976458,0.6747087,0.845875,0.869773,0.1234015,0.1418778,1.173825,0.177273,0.1510217,-0.1302271,0.1234015,-0.9475871,0.1402407,0.6747087,4.811077,0.2898057,0.7851532,0.4181499,0.7454623
116,1,0.01992588,0.02931329,0.01843442,0.02855391,5.211529,-3.600365,0.8076244,0.5800658,1.129549,0.9026287,5.259233,4.029261,0.7661309,-1.580669,1.445286,-0.9143505,1.58949,1.435243,0.9029584,0.7391791,0.2042669,0.276343,2.414476,5.71306,2.366169,-0.260821,0.2042669,-0.7831692,0.2627891,1.435243,5.461579,0.6049303,0.3279026,0.4593177,0.2761134
117,1,0.08970654,0.03918319,0.08018114,0.02030031,4.260386,-2.159222,0.8887577,1.124358,0.8082505,0.863014,5.083433,3.139946,0.6176822,-1.756469,2.036186,-1.159249,1.809943,1.987151,1.097908,0.7561419,0.1610706,0.2130163,1.395731,0.3712027,0.2659558,-0.2438581,0.1610706,-0.6605095,0.2518561,1.987151,7.890025,0.6898038,0.623783,0.9978642,0.7446713
118,1,0.05283751,0.05010304,0.05641223,0.06702262,4.493971,-2.391818,0.844212,1.075174,0.8447715,0.838525,5.247933,3.398361,0.6475618,-1.591969,1.999325,-1.255882,1.807094,1.800241,0.9962077,0.7796311,0.1810504,0.2322257,1.348635,0.3048648,0.2260543,-0.2203689,0.1810504,-0.8215786,0.2524955,1.800241,7.129793,0.9127398,0.9748747,0.7815239,0.9395602
119,1,0.116296,0.09829664,0.1239528,0.02902677,6.738857,-5.017124,0.8397692,0.5836931,1.218227,0.9493373,6.438933,5.109416,0.7935191,-0.4009694,1.291426,-3.22076,1.031261,0.856697,0.8307273,0.8733383,0.1886163,0.2159717,1.204108,0.2954806,0.2453938,-0.1266617,0.1886163,-1.489134,0.1832166,0.856697,4.675869,0.8746163,0.7959472,1.099569,0.9457708
120,1,0.04004927,0.1391331,0.05909133,0.05155925,4.314329,-1.128525,0.7242691,1.586228,0.7308138,0.7536314,6.205833,3.522316,0.5675814,-0.6340694,2.284524,-3.602956,1.618127,1.710653,1.057181,1.015982,0.3942151,0.3880139,1.10551,0.3654326,0.3305556,0.01598202,0.3942151,24.66616,0.2708188,1.710653,6.316598,0.8367373,0.4407322,0.7224056,0.6080288
121,3,0.08617287,0.08357565,0.05408002,0.06623834,4.002186,-2.434749,0.8244919,0.6361034,1.001937,0.8883841,4.368967,3.06245,0.7009553,-2.470936,1.920297,-0.7771534,2.476858,1.912387,0.7721021,0.6361179,0.1507136,0.2369272,1.661065,0.4046458,0.2436062,-0.3638821,0.1507136,-0.4141826,0.3658535,1.912387,5.227196,0.6667012,0.6608655,0.7729676,0.7099695
122,1,0.1199979,0.1923972,0.1167964,0.2851337,4.978857,-2.696524,0.8257227,1.152923,0.8561514,0.8193681,5.767533,3.806953,0.6600661,-1.072369,1.976746,-1.843345,1.608106,1.556271,0.9677665,0.8474059,0.2353556,0.2777365,1.264284,0.325783,0.2576818,-0.1525941,0.2353556,-1.542364,0.2430101,1.556271,6.404142,1.229676,0.9555995,0.8209742,0.919759
123,3,0.02695746,0.05085376,0.01504932,0.02538004,5.571386,-3.442656,0.8050273,0.7534951,1.069086,0.9041729,6.0287,4.314425,0.7156477,-0.8112028,1.409833,-1.737954,1.153242,1.1369,0.9858297,0.8800628,0.1860678,0.2114256,1.198754,0.3200853,0.267015,-0.1199372,0.1860678,-1.551377,0.1724072,1.1369,6.594272,0.9560851,0.6064044,1.393324,0.8481994
124,1,0.09864076,0.03618826,0.1169563,0.05245319,4.901571,-2.830138,0.8454652,0.8406611,0.9783019,0.9097078,5.502533,3.703842,0.6731158,-1.337369,1.481001,-1.107399,1.398887,1.420997,1.015805,0.8098149,0.1382326,0.1706965,1.269035,0.2111685,0.1664008,-0.1901851,0.1382326,-0.7268316,0.2051322,1.420997,6.927225,0.8410451,0.5705196,2.170907,0.8386267
125,2,0.02148743,0.07203504,0.02692354,0.05624456,5.335228,-2.181822,0.8062502,1.560764,0.7922246,0.8205878,6.888067,4.128413,0.5993573,0.04816393,1.954706,40.58443,1.37775,1.36368,0.989788,1.073934,0.3346821,0.3116412,1.001665,0.2560532,0.2556276,0.07393412,0.3346821,4.526761,0.2360681,1.36368,5.776639,0.7842603,0.501448,0.4176906,0.4502162
126,1,0.1151836,0.09233443,0.1213896,0.05715591,4.194014,-1.562191,0.6826828,1.155816,0.8303834,0.7391174,5.567633,3.526837,0.6334536,-1.272269,2.317036,-1.821183,1.873762,1.846913,0.9856709,0.8908916,0.367228,0.4122029,1.276244,0.4265286,0.334206,-0.1091084,0.367228,-3.365716,0.3029235,1.846913,6.096962,0.8562326,0.3667569,0.7263539,0.4925226
127,3,0.02277766,0.03438995,0.01475774,0.04688716,4.584857,-2.328391,0.839072,0.9541221,0.9152793,0.9039797,5.465867,3.477693,0.6362564,-1.374036,1.615249,-1.17555,1.543617,1.448167,0.9381644,0.834908,0.2046685,0.245139,1.269847,0.3144407,0.2476209,-0.165092,0.2046685,-1.239724,0.2278924,1.448167,6.354608,0.5492698,0.4743349,0.6967954,0.6025312
128,1,0.01971144,0.0229138,0.02450199,0.03105292,5.944943,-3.064736,0.7109798,1.007692,1.00359,0.8221154,7.041667,4.898736,0.6956785,0.2017639,2.060418,10.21202,1.595214,1.28646,0.8064497,1.092851,0.447243,0.4092441,1.065891,0.4480242,0.4203282,0.09285133,0.447243,4.816765,0.3194439,1.28646,4.027185,0.7239516,0.248283,0.4619314,0.296734
129,3,0.03978819,0.0544138,0.02698415,0.02741411,4.554743,-2.138463,0.7529023,1.199789,0.8210873,0.7584785,5.6046,3.6472,0.6507512,-1.235303,2.268106,-1.836073,1.756565,1.87909,1.069752,0.8521163,0.3426661,0.4021354,1.388571,0.6370124,0.458754,-0.1478837,0.3426661,-2.317133,0.2949784,1.87909,6.370262,0.8948768,0.7627884,0.560896,0.8403768
130,2,0.02010341,0.02013955,0.01646577,0.02764167,3.081071,-0.8684548,0.5365261,1.104284,0.7369165,0.5573909,4.369367,2.922613,0.6688871,-2.470536,3.045761,-1.232834,2.676207,2.860354,1.068809,0.7141424,0.3544517,0.4963319,1.665443,0.7214506,0.4331883,-0.2858576,0.3544517,-1.239959,0.3718784,2.860354,7.691638,1.401524,0.6411765,1.013516,0.8094542
131,3,0.04586492,0.04725602,0.03674801,0.05357207,5.150772,-3.319245,0.8944283,0.7521547,1.027067,0.9572229,5.437067,3.784117,0.695985,-1.402836,1.123899,-0.8011618,1.424523,1.095315,0.7688995,0.7745555,0.1539103,0.1987079,1.348877,0.3078948,0.2282601,-0.2254445,0.1539103,-0.6826971,0.2302836,1.095315,4.756375,0.3579616,0.7240369,0.4197391,0.6782091
132,1,0.04565853,0.03079559,0.03576242,0.09850919,3.884257,-1.61057,0.8408183,1.017829,0.8407196,0.8987653,4.992667,2.943214,0.5895075,-1.847236,1.959148,-1.060583,1.966364,1.83529,0.9333419,0.7886946,0.210814,0.2672949,1.340582,0.3009396,0.2244843,-0.2113055,0.210814,-0.9976742,0.2631972,1.83529,6.973059,0.451604,0.6749519,0.5512169,0.7717727
133,1,0.1136714,0.0358707,0.0404181,0.03364383,3.780229,-2.810789,0.7102042,0.3515917,1.188303,0.7894881,3.6156,3.116675,0.8620076,-3.224303,2.261395,-0.7013596,3.224303,2.261395,0.7013596,0.4891608,0.1718429,0.3513014,2.352017,0.9834135,0.418115,-0.5108392,0.1718429,-0.3363933,0.5108392,2.261395,4.426825,1.325655,0.9569827,1.019467,0.9400263
134,1,0.07798623,0.1357133,0.1108654,0.2082776,3.010486,-1.078492,0.7929928,1.019969,0.740308,0.7896849,4.039333,2.348913,0.5815101,-2.800569,2.691487,-0.9610499,2.801492,2.690494,0.960379,0.6395786,0.1653682,0.258558,1.662188,0.4138483,0.248978,-0.3604214,0.1653682,-0.4588189,0.3607284,2.690494,7.458502,0.5909959,0.4570374,0.5887341,0.4130185
135,4,0.05635639,0.08050878,0.04006626,0.08909927,5.812257,-2.812571,0.8517941,1.609892,0.7936565,0.8284168,7.068267,4.375649,0.6190555,0.2283639,1.987308,8.702371,1.371545,1.434342,1.045785,1.063986,0.2730131,0.2565947,0.9981672,0.2497645,0.2502232,0.06398603,0.2730131,4.266762,0.2064856,1.434342,6.946451,1.058294,0.6367176,0.7529796,0.6340093
136,4,0.1054303,0.01785758,0.1163428,0.1199736,4.280186,-2.738349,0.7262623,0.5391635,1.092846,0.8183049,4.537967,3.489642,0.768988,-2.301936,2.021593,-0.8782143,2.316741,2.004021,0.8650171,0.6571549,0.2239117,0.340729,1.775206,0.8691647,0.4896134,-0.3428451,0.2239117,-0.6530987,0.3501773,2.004021,5.722876,0.8670393,0.7085367,0.529971,0.6250894
137,1,0.04494083,0.08140369,0.06370866,0.02567312,3.580271,-1.034561,0.832177,1.277856,0.736568,0.8563275,5.0519,2.726924,0.5397819,-1.788003,2.257094,-1.262355,2.075726,1.986066,0.9568053,0.8176264,0.2365827,0.2893531,1.316624,0.3496112,0.2655362,-0.1823736,0.2365827,-1.297242,0.2684351,1.986066,7.398681,0.4937977,0.7618734,0.5510696,0.8202145
138,1,0.1027675,0.04070414,0.1158386,0.05052387,1.827597,0.01725672,0.4923106,1.019091,0.6088139,0.5098605,3.124171,1.80978,0.5792832,-3.715731,3.467007,-0.933062,3.756257,3.421533,0.9108891,0.5446936,0.2572365,0.4722591,2.651051,2.625598,0.9903991,-0.4553064,0.2572365,-0.5649745,0.4747252,3.421533,7.207397,0.7212225,0.5546001,0.7198058,0.6506383
139,3,0.02843284,0.04195936,0.02830319,0.03173006,5.227728,-2.617508,0.6412369,1.227963,0.8632644,0.6618578,6.26963,4.535955,0.7234805,-0.5702722,2.779035,-4.873173,1.004109,2.64886,2.638021,0.9508849,0.2199454,0.231306,3.391956,12.88641,3.799109,-0.04911508,0.2199454,-4.478164,0.1266587,2.64886,20.91336,2.533239,0.5694191,3.533355,0.942189
140,4,0.01502702,0.02664945,0.01817121,0.0257699,5.753324,-3.53976,0.868768,0.9010506,1.006318,0.9373895,6.24089,4.288762,0.6872035,-0.5990129,1.131425,-1.888817,0.6934324,1.07419,1.549091,0.9079782,0.1286147,0.1416495,1.12825,0.2012563,0.1783792,-0.0920218,0.1286147,-1.397655,0.1153338,1.07419,9.313748,0.8469133,0.460674,3.067014,0.8556355
141,1,0.116271,0.07618936,0.1162232,0.02447311,4.116704,-2.560397,0.8108307,0.7045976,0.9651527,0.8450152,4.438001,3.176506,0.7157514,-2.401901,2.026818,-0.8438388,2.411474,2.015025,0.8355987,0.639854,0.1659078,0.25929,1.659783,0.4030042,0.2428053,-0.360146,0.1659078,-0.4606681,0.3648996,2.015025,5.522135,0.8762305,0.7608958,1.065753,0.9072875
142,2,0.01696879,0.0506044,0.01430789,0.0398289,5.269714,-3.194478,0.9144131,0.9089005,0.966664,0.9596295,5.764036,3.82896,0.6642845,-1.075867,1.086771,-1.010136,1.171643,0.9789751,0.8355577,0.8348986,0.1376644,0.1648876,1.230466,0.2094056,0.170184,-0.1651014,0.1376644,-0.8338172,0.1858632,0.9789751,5.267181,0.3761173,0.6371299,0.4440064,0.5508467
143,3,0.01958853,0.03992469,0.01366265,0.02057124,4.517998,-2.959669,0.8235158,0.6622017,1.022199,0.87572,4.720929,3.459196,0.7327362,-2.118974,1.760837,-0.8309858,2.118974,1.760837,0.8309858,0.670522,0.1463913,0.2183245,1.561958,0.3456283,0.2212789,-0.329478,0.1463913,-0.444313,0.329478,1.760837,5.344325,0.9949065,0.8049461,1.097457,0.8727957
144,4,0.1180785,0.1909103,0.1142033,0.3869878,4.059813,-1.961839,0.8511419,0.9354287,0.8775556,0.9022414,4.939842,3.057525,0.618952,-1.900061,1.876606,-0.987656,1.919274,1.85627,0.9671733,0.7600278,0.1586478,0.2087395,1.375609,0.3128984,0.2274617,-0.2399722,0.1586478,-0.661109,0.2495132,1.85627,7.439568,0.5896826,0.7480595,0.6160669,0.7092248
145,3,0.05066921,0.06126045,0.03608687,0.03574146,3.475661,-0.590481,0.6958392,1.586461,0.6555364,0.6933969,5.318142,2.894996,0.5443622,-1.52176,2.684995,-1.764401,2.366621,1.952121,0.8248559,0.8803447,0.3653412,0.414998,1.339178,0.5335592,0.3984229,-0.1196553,0.3653412,-3.053281,0.3436121,1.952121,5.681177,0.3738563,0.2740857,0.2215249,0.2402213
