id,session,HR,HRV,EBR,SCL
1,1,90.15267,0.03781388,0.6360751,NaN
2,1,85.01746,0.08062091,0.5500502,NaN
3,1,76.13525,0.06486525,0.4091409,NaN
4,1,78.97191,0.05002545,0.5085992,NaN
5,1,62.84084,0.07881494,0.3633893,NaN
6,1,74.94972,0.04047905,0.3874753,NaN
7,1,82.20689,0.05845643,0.5394197,NaN
8,1,68.50081,0.08245155,0.3715086,NaN
9,1,68.29646,0.1005774,0.4011999,0.2564085
10,1,69.64648,0.1106284,0.6340496,NaN
11,1,70.68789,0.06309786,0.4117741,NaN
12,1,77.35593,0.07895377,0.4418594,2.797325
13,1,79.23811,0.08621094,0.3716757,0.45684
14,1,84.57173,0.04472239,0.5171607,0.6431819
15,1,70.00946,0.07218297,0.3299639,0.5855795
16,1,84.48573,0.06104621,0.3484325,NaN
17,1,79.54501,0.06002698,0.3807251,2.523946
18,1,66.82996,0.6947334,0.8550504,NaN
19,1,88.11809,0.06724109,0.266844,0.7895153
20,1,73.77586,0.06670803,0.3800204,0.7507011
21,1,76.58041,0.06892256,0.3432268,0.6273335
22,1,66.29294,0.07426739,0.5316201,0.107718
23,1,93.39838,0.03874913,0.8530787,-0.2297794
24,1,78.35759,0.06524993,0.5010306,0.499315
25,1,84.58503,0.04968634,0.4684771,0.08994722
26,1,84.68795,0.04152867,0.3876988,NaN
27,1,81.45161,0.07089128,0.6112553,0.2806488
28,1,71.9295,0.05536513,0.4797074,1.79706
29,1,85.60149,0.05507566,0.7175561,0.371566
30,1,90.91797,0.04678265,0.5110824,0.7352886
31,1,106.1954,0.1044014,0.4847885,0.4393201
32,1,76.38144,0.08350113,0.3560126,-0.08655395
33,1,68.95934,0.1013835,0.3252687,0.01073812
34,1,89.89903,0.05016189,0.6225811,NaN
35,1,73.00494,0.08677983,0.3672523,0.9754743
36,1,72.12518,0.06806863,0.4416401,-0.06891203
37,1,78.83286,0.05275791,0.4895164,0.3806646
38,1,84.01949,0.07272632,0.588313,0.4995844
39,1,94.13303,0.04528488,0.4074571,0.06948031
40,1,70.52179,0.07898171,0.6071849,0.1702058
41,1,76.61332,0.08945516,0.4225352,0.5123298
42,1,84.57893,0.06783059,0.390404,1.396348
43,1,74.78542,0.06781572,0.455666,0.07685435
44,1,76.78371,0.06193663,0.402137,1.088484
45,1,66.52006,0.1057985,0.2768548,0.2699231
46,1,83.45026,0.05988019,0.3313293,0.9701788
47,1,85.34856,0.06400751,0.5293353,3.405535
48,1,64.2534,0.07678608,0.493173,-0.1641073
49,1,74.24796,0.05372001,0.3906143,0.6619334
50,1,80.87766,0.05304334,0.4879235,0.006420309
51,1,89.78495,0.04813856,0.3415565,0.7763945
52,1,47.18063,0.104539,0.1570803,0.1229667
1,2,89.54237,0.03587277,0.6184346,NaN
2,2,90.77706,0.05514209,0.5754175,NaN
3,2,73.03687,0.06320124,0.2694976,NaN
4,2,77.51637,0.04341622,0.5109693,NaN
5,2,63.70699,0.06890704,0.371334,NaN
6,2,74.6852,0.03290688,0.3548263,NaN
7,2,76.14766,0.03677827,0.4054544,NaN
8,2,65.30523,0.05896074,0.3754178,NaN
9,2,66.26717,0.08185337,0.316365,-3.005589
10,2,72.53421,0.06609765,0.4328555,NaN
11,2,70.81453,0.0414526,0.3741489,NaN
12,2,75.70965,0.06270719,0.3855584,6.136327
13,2,83.37717,0.06518065,0.2828189,6.267047
14,2,87.81157,0.03474298,0.3289449,1.255418
15,2,70.43102,0.06274197,0.3297961,1.356675
16,2,81.9137,0.05959835,0.3096394,NaN
17,2,79.33091,0.03441247,0.3269912,1.964567
18,2,83.22676,0.55304,1.835798,NaN
19,2,89.03782,0.07320596,0.3472529,1.812146
20,2,71.04554,0.05836289,0.3955481,4.251747
21,2,79.76743,0.06104434,0.3872767,1.761256
22,2,65.74223,0.05841779,0.5229496,-0.2513475
23,2,89.90234,0.0276678,0.6088891,-2.70617
24,2,72.77022,0.06361537,0.7079718,0.3209579
25,2,84.56656,0.05841554,0.5052719,-0.4407576
26,2,84.90971,0.0360135,0.394135,NaN
27,2,76.644,0.05868656,0.6762707,0.1245571
28,2,68.70741,0.03871239,0.3922841,-4.258379
29,2,85.84774,0.05136772,0.5577183,2.468457
30,2,89.20061,0.04358362,0.4930561,0.5901061
31,2,108.38,0.136205,0.2748767,1.84954
32,2,81.53486,0.04060297,0.284559,-0.2803409
33,2,67.00599,0.07290345,0.261922,0.2918698
34,2,89.89893,0.04408345,0.7153058,NaN
35,2,72.96309,0.1041115,0.3327504,1.190753
36,2,72.46284,0.04046386,0.430064,-0.559716
37,2,78.94917,0.04561466,0.4795431,-3.628556
38,2,81.03253,0.06388178,0.6724922,2.165757
39,2,92.77142,0.03126376,0.3901602,-0.4676487
40,2,71.7058,0.07133751,0.5329129,-0.1608886
41,2,72.28319,0.06957909,0.4943199,-0.1907987
42,2,90.8123,0.06616519,0.2885735,-1.133667
43,2,75.474,0.05810272,0.3932745,0.2858089
44,2,80.4229,0.05212073,0.406697,2.13872
45,2,68.05711,0.07114058,0.2292704,1.096608
46,2,89.11392,0.04538044,0.2869198,3.180547
47,2,92.65043,0.03044337,0.5701984,0.8173755
48,2,62.29375,0.05855266,0.4500993,-1.218937
49,2,74.04941,0.06939812,0.2304926,1.183374
50,2,72.87981,0.05174538,0.4361746,0.899956
51,2,93.03148,0.05893726,0.3239902,-0.1876664
52,2,45.15214,0.1065482,0.1958654,1.071874
1,3,90.34491,0.03753201,0.6474887,NaN
2,3,84.8521,0.07729977,0.5275866,NaN
3,3,76.75678,0.06336554,0.4317464,NaN
4,3,79.17197,0.04620321,0.5004408,NaN
5,3,63.13987,0.07846176,0.3693087,NaN
6,3,74.90673,0.04292796,0.406152,NaN
7,3,83.12686,0.058513,0.5627537,NaN
8,3,69.43204,0.08209893,0.3749074,NaN
9,3,68.79546,0.09951229,0.4210553,0.4327876
10,3,69.77348,0.1118896,0.6781799,NaN
11,3,70.38741,0.06478982,0.410785,NaN
12,3,77.4876,0.08050261,0.4214285,4.45341
13,3,79.48379,0.0834698,0.4078753,-0.3792599
14,3,83.48446,0.04296455,0.5621985,0.3400436
15,3,70.07583,0.07378205,0.3290428,0.5903183
16,3,84.76591,0.05740399,0.3597319,NaN
17,3,79.47603,0.06282827,0.3973801,1.782394
18,3,63.14608,0.7657946,0.7003059,NaN
19,3,87.67893,0.06811451,0.2613203,0.7053682
20,3,74.37202,0.06847609,0.3515754,0.1395976
21,3,76.41313,0.06910113,0.332579,0.1835889
22,3,66.65676,0.07730021,0.5333222,0.08732308
23,3,93.75867,0.03138481,0.9021921,-0.4255623
24,3,79.59163,0.0619527,0.4817947,0.6261722
25,3,84.38662,0.04845263,0.4698911,-0.05819603
26,3,84.74528,0.03991131,0.3808615,NaN
27,3,80.88432,0.06805332,0.6146522,0.2775916
28,3,72.70689,0.05506921,0.476905,2.9799
29,3,86.32439,0.05488807,0.7494453,0.3560621
30,3,90.68891,0.04494315,0.5048653,0.8251715
31,3,105.8627,0.09815723,0.5209115,0.2406459
32,3,75.83005,0.08383507,0.3545521,-0.03647772
33,3,68.96554,0.1023014,0.3257239,-0.004141802
34,3,89.70836,0.0495562,0.6133104,NaN
35,3,73.09838,0.08642438,0.3743421,0.4818491
36,3,72.3742,0.06693755,0.4212255,0.0002215989
37,3,79.10297,0.05375123,0.5033118,1.302779
38,3,83.88631,0.07105085,0.5703672,0.4691554
39,3,94.01828,0.04601193,0.3933949,0.1801141
40,3,70.14667,0.07904273,0.6230081,0.1715733
41,3,76.75574,0.08801883,0.4079692,0.2885471
42,3,83.6329,0.06595382,0.3900231,1.804363
43,3,74.53401,0.06957588,0.4667421,-0.02694372
44,3,75.9573,0.05954586,0.4062751,0.6614568
45,3,66.31667,0.1108904,0.2878765,0.1495689
46,3,83.03695,0.05682768,0.3453454,0.5658408
47,3,84.28241,0.0626803,0.5371305,2.729592
48,3,64.54949,0.07876349,0.4996978,-0.0829739
49,3,74.45976,0.05322137,0.423807,0.5991997
50,3,82.43628,0.04275383,0.505198,-0.03471303
51,3,89.29936,0.04370597,0.3473167,0.7627667
52,3,47.24826,0.09845514,0.1567213,0.005672276
1,4,89.25681,0.04331508,0.5638535,NaN
2,4,79.73654,0.1018792,0.6478215,NaN
3,4,75.73674,0.06531434,0.3245009,NaN
4,4,77.79697,0.07242137,0.5238329,NaN
5,4,59.33623,0.08067561,0.3641894,NaN
6,4,74.92268,0.03512895,0.1504129,NaN
7,4,82.59695,0.04590916,0.6096442,NaN
8,4,64.87362,0.07794219,0.3243681,NaN
9,4,66.11415,0.114002,0.349948,2.336802
10,4,66.11817,0.1270529,0.5435591,NaN
11,4,71.5314,0.06721231,0.3878896,NaN
12,4,78.13274,0.08217699,0.566992,-4.880391
13,4,69.91651,0.07866466,0.1471016,-2.195545
14,4,87.59435,0.04598338,0.4627513,0.8430455
15,4,68.29488,0.07625104,0.294991,1.131097
16,4,88.88136,0.05884835,0.3206141,NaN
17,4,78.98793,0.05855802,0.2918992,0.997713
18,4,69.30677,0.08888673,0.5821041,NaN
19,4,90.14075,0.05686223,0.2631227,-0.7350105
20,4,73.98571,0.05391861,0.5929477,1.595513
21,4,74.84401,0.07983799,0.4503678,0.7403813
22,4,65.54462,0.06704628,0.5299227,0.3645991
23,4,96.83036,0.03305317,0.7618485,-1.399335
24,4,75.99192,0.05331898,0.2527118,-0.07252116
25,4,86.51118,0.03907462,0.4265837,1.199357
26,4,83.6296,0.05776243,0.418148,NaN
27,4,86.92793,0.06227982,0.4890075,0.6072721
28,4,69.87997,0.04879456,0.6031803,-0.004080552
29,4,81.31354,0.04551969,0.7350889,2.174351
30,4,94.57947,0.04440248,0.651802,1.184347
31,4,106.8262,0.08776979,0.3282866,1.00036
32,4,73.39268,0.09142272,0.4304991,0.6970996
33,4,67.81798,0.0973042,0.3691359,0.00602761
34,4,92.73568,0.05374124,0.6362448,NaN
35,4,71.40889,0.07025559,0.3602143,7.689224
36,4,70.96676,0.09732217,0.4713551,-0.03442222
37,4,78.24054,0.0423562,0.4187185,-5.194708
38,4,91.20404,0.06162491,0.7024777,0.1294765
39,4,94.86441,0.0502643,0.478066,-0.02240802
40,4,70.26524,0.07815724,0.5208178,1.398427
41,4,80.91795,0.09200603,0.4684409,3.085135
42,4,84.2001,0.06752215,0.5079015,4.221594
43,4,75.02652,0.06126436,0.4874605,0.04894258
44,4,77.19886,0.05246646,0.3431061,-0.0338724
45,4,66.63617,0.1037295,0.2784072,0.2122818
46,4,77.98318,0.05508175,0.2599439,-1.005604
47,4,79.62592,0.02966529,0.301479,7.492337
48,4,64.04736,0.07402542,0.5352315,0.01490824
49,4,71.96098,0.03772118,0.3251968,0.4640024
50,4,79.43127,0.04158534,0.4382415,0.08396038
51,4,87.03352,0.04849167,0.2358632,3.566044
52,4,49.42114,0.1002215,0.08985662,-0.4511232
