type,id,D1S1,D1S2,D1S3,D2S1,D2S2,D2S3,D3S1,D3S2,D3S3,D4S1,D4S2,D4S3
1,1,1.50507566650003,2.02424957789196,1.57971328999956,2.24561255050003,2.89165160428947,2.22355060890022,2.72280218120022,3.23871133383779,3.16192774979991,3.63902383210007,4.14687392989999,4.25725394450019
1,2,1.80018019279978,1.84271838597306,1.52846753720023,2.54049322989995,2.8281619549167,2.73406223670045,3.48713785799973,3.39595831363161,3.43546120050014,4.60092713111105,4.42947599332419,5.00621113389989
1,3,2.03710756800065,2.03929147202612,2.10098975490073,3.58848052090034,3.49851186123068,3.11313846270059,4.82917968139918,4.813836759684,3.95591689859975,5.70875265659924,5.8759389628204,5.06388034660085
1,4,3.05388046120006,2.09381327438467,1.61408211900016,4.39711154011113,3.42486812271053,2.21953548209985,5.10844172462498,3.98252787347504,2.93693215199992,5.62584258555555,4.69791132628945,3.17962370850009
1,5,0.999270054500266,1.08056391546159,1.2896420985552,1.87946407222221,2.40594919317944,2.76958865010001,3.27819579900006,3.5333230808948,3.84741835500008,4.76724291640021,5.30087060224326,4.91608883889985
1,6,1.16765177029883,1.14842289839953,1.16521308940028,2.01143439177799,1.58407814274352,1.7843650300998,2.5490875207781,2.28939827752474,2.33422517955518,3.31729506219963,2.7200911924001,3.17379931030009
1,7,2.12433164079985,2.81316331012822,2.56543647355526,3.22617904922218,4.21910865610251,3.87309688139994,4.06053819910012,4.94784956700007,5.01951354677779,5.17364320979996,5.83821082745955,6.28253156822191
1,8,2.08210920870042,2.03256485744724,1.41456647570049,3.11317274950034,3.10820098780005,2.58888723919954,4.05325410822196,3.87165121887143,3.14503178380037,4.97332451679977,4.85901425464106,3.83544166980064
1,9,1.46728944277735,1.85819107602843,1.61264559019983,2.34017599139988,3.18411726047376,2.87500708189982,2.76034145680023,4.36280768628225,3.33958036699914,3.37515919379985,5.1693093994209,4.08910298800001
1,10,1.45933900522232,1.73932400370273,1.65320173366672,2.79837969200034,3.03195304767576,3.1726332264996,3.07824825130019,4.03138647824334,3.67926937129996,4.35618974499985,5.34143280833327,4.48422789440028
1,11,2.35360707877792,2.94321847467576,2.64926902590014,3.26144803910011,3.97508992052649,3.64961927111128,4.47461760239985,4.43973619841022,3.72388442840092,5.07883744177767,4.93594492615011,5.18047647490021
1,12,2.45106800549972,2.49924095587505,2.51459288850056,3.19446094899977,3.68989935083371,3.6009958108003,4.43426198066663,4.7145901851842,4.35444478460049,5.19821599100032,5.51260474310299,5.10472964270011
1,13,1.56036733000001,1.86916665466672,1.99835300111095,2.90692538055545,3.10694148507698,3.51822021900025,3.26003998730012,4.18176203089999,4.27348477370015,4.75602909349991,5.45425726942503,5.4295068313002
1,14,2.02392337629972,2.43993579164108,2.5463966456995,2.80754005211121,3.55782312202567,3.71579765939932,3.828251685777,4.46767159175006,4.59244708560036,4.78368166370055,5.64672378476919,5.91405039509991
1,15,2.23782291839998,2.39871605852632,2.12948626933333,2.80481798199991,3.07719504347372,3.0751537983332,3.64759100344448,4.03815196607712,3.94410686160008,4.46003481429989,4.84035934945009,5.04743954829974
1,16,2.10602983839999,1.98441800149986,2.11956443333272,3.05587660033335,2.94926364108122,2.96860056470032,3.26970284040017,3.64665297547383,3.40152917637488,4.52984192144403,4.68222029726291,4.34722716511088
1,17,2.27303632890007,2.51538237189741,1.8467693319998,3.34756820520024,3.44515892655002,2.43347451410009,4.23989853166667,3.99768789567502,3.38486649779989,5.64025570640006,5.39172603131575,4.1151767633999
1,18,1.17734175649999,2.20811259117649,2.02673957450006,2.14303996159999,2.68242616140003,2.68303597479999,2.8694838131,3.59176712007886,3.65953743309992,3.32338821289998,4.58157757628941,4.07781375670011
1,19,1.76499458469998,1.6821582567369,1.51948392409995,3.14224827060016,2.76296323686845,2.52701143199993,3.9829777506,4.05539961264094,3.65720470130018,5.17764739349996,5.21707903372496,4.97984409499968
1,20,1.98466444922219,2.05414645867556,2.22179701710029,3.13606114619997,2.96289939767494,3.03654103944448,3.97640789633321,3.40698307555003,3.49603072133303,4.93602544042863,4.11070013784595,4.10874824720013
1,21,2.19303303080032,2.42959080218216,2.20520966333303,3.10654974659992,3.65393817412801,3.2262545319998,3.93332921799993,4.73773017791884,4.0373991036995,5.68355862709959,6.12752487592302,5.07127791459934
1,22,1.64161012259974,1.60989147815761,1.33515831649929,2.69488016611002,2.34770632252521,2.35261816569982,3.64820755269975,3.22943715400013,3.16446592009961,4.63541416925,4.04764362039969,4.3202521575
1,23,1.70663416822233,3.00870811759996,2.76568149659979,2.99412692888877,3.48079295002494,3.4647558237999,3.38432103577765,4.03143823902503,4.04028913029997,3.63164556600006,5.0668412437501,4.50747762069932
1,24,3.10738447166659,2.89270520391675,3.49412141077745,4.12452682200031,3.96954940252621,5.68759413712587,4.7136753826002,4.99449097958957,6.34664095200005,4.57066148429985,5.939881288575,8.27654922190013
1,25,1.62033292680007,1.95487040502696,1.97188227690003,2.61741218720017,2.92115017336853,2.74293783150006,3.57229584560027,3.87106004615778,3.47121968910014,4.49749560300006,4.6554421192051,4.28984953679992
2,1,1.73724922944489,2.23295626261545,2.01629442349986,2.60894051230007,2.67478172335923,2.66460717220016,2.90540672412499,3.65846523797439,3.29675731190018,4.58155332512479,4.40300367600016,4.38301928749988
2,2,2.79627103871514,1.84115428828199,1.77063290719998,4.08198458242883,2.88412294944761,2.47384765889983,4.91074270614263,4.2175927127437,3.28580881540038,6.45911483314194,5.37897226604982,4.21322086460023
2,3,1.9091576271001,1.74303510912824,2.05951058240025,2.85327701769984,2.80209688210249,2.96656019889997,3.66261043319992,3.66510084743587,3.48087224650008,4.65787071200011,5.09659765892301,4.75916393266683
2,4,2.48215682155549,3.37175013648389,3.05924832810033,3.43576466144441,4.77974949266671,4.21592938469967,4.62430186109996,6.05929133958969,5.38844480070002,5.26388233720008,7.45223492512821,6.44051510740046
2,5,2.10022611949998,2.28912517965791,2.36862165820003,2.90972133711115,3.011713817718,3.05939549600013,3.12722949820002,3.87943841327497,3.99253357569996,4.65207262412497,4.8656338903334,5.36041742099981
2,6,1.7051969634443,2.48728305084613,2.00065981055559,2.38959368411148,3.51201440524983,3.21362721280057,3.11671449749992,3.93430624044995,3.66980801620011,3.75997434674969,4.67329512314986,4.60172444900054
2,7,2.05863347350005,1.73577268505146,1.56309624999994,3.10049866940008,2.77961359761554,2.71248137155514,4.05748915055544,3.51273826910265,3.47327598139891,5.06719846666662,4.60250251248703,4.17780378479947
2,8,2.12208055430019,2.13092418477784,2.1844698391993,3.36811042979934,3.36975792742918,3.40114795919981,3.99627270240089,4.05607127728916,2.95949909610063,4.90135157955511,4.80508922382487,4.37028874109928
2,9,1.78961344730001,1.95998701805566,1.87409885177769,2.46446441411109,2.50491460257898,2.48377404879993,3.41607481355562,3.43086163255,3.20266858630011,3.71520595980007,4.43998284394871,3.70637057577783
2,10,2.11490331599998,2.07867214562164,1.84678329044416,2.50042940410021,3.35378452642104,3.20219597769974,3.54240687169968,4.32819826489746,3.57620029309983,4.74984149359989,5.84591768836837,5.06749596379959
2,11,1.81611025030006,2.34781319442106,2.27610445355549,2.4761017135,3.22561664943585,3.30520598859994,3.44307036109999,4.07757329,3.95426612190004,3.9943156624445,4.77130788794876,5.02887907269997
2,12,2.38446664640001,2.42221081736844,2.57040863650009,3.51247793049999,3.53734203299996,3.86311636100008,4.50399403329999,4.45656423510811,4.96900405079991,5.4795072089,5.59864554317952,6.01630621759996
2,13,1.84289938799999,2.17232831319451,2.18944836499986,2.76310123322224,3.06379645861537,3.39106536399986,3.6859304046,3.92936880713158,4.07034612022219,4.2076072128,4.78547211137501,5.13396473366664
2,14,1.87595256669997,1.94587273248562,2.04271584730022,2.51479850377776,2.62347936745949,2.90328374730007,3.10717739340016,3.48074573863889,3.85812083720002,4.11941081669993,4.24697775964867,4.79408408533335
2,15,2.07257669639966,2.28637962273532,2.33840809255546,2.92712765824922,3.39880670974339,3.26955477779993,3.0658367167498,4.1228407719499,4.40321112888887,2.91827994912501,5.16835469835888,5.29311727209988
2,16,1.40873289519986,1.86167445982023,2.00318586659923,1.55477241059998,2.40196391672507,2.76699386999988,2.52699702470018,2.69530746217515,3.29662526455488,2.95920622470003,3.58246164917923,3.78284360709986
2,17,2.29567064229991,2.75446067984206,2.82481508879991,3.23714411840001,3.74040271429997,3.57642191280001,3.77438005809995,4.33611234327496,5.11438964033338,4.89918713540003,5.44664025615388,5.68681016911109
2,18,1.86081934810027,1.77244332184609,1.32582623079979,2.7370699608,2.63675413923662,2.84707129509989,3.33161902599968,4.02507310774364,4.03661488770049,5.19974795777752,4.87811701562459,4.44690225279992
2,19,2.43034967211093,2.3031789248334,2.18268919710026,3.43286524171448,3.23220622863147,2.94562078689996,4.69729568500024,4.48159847557558,3.66567111789973,5.56393246259995,5.72031442392108,5.27956464369945
2,20,1.87822350970002,2.05053097713158,1.90071780489998,2.57266307420002,3.00646693815381,2.95202119233318,3.68226402050003,4.13484208097497,3.60945381399995,4.98957716959999,5.08092701810256,4.951035533
2,21,2.25259138630026,1.84000815973664,2.38542282019953,3.12758049122284,2.63556181792519,3.71211055255521,4.10542284840085,3.7402803854995,4.87241222590019,4.82305592020093,4.20419900392462,5.68520665269862
2,22,1.98565573760097,1.91741568824982,1.98912773650009,3.22440769888918,2.96964561138455,3.13656181369952,3.66468650980059,3.9077605207247,3.91228018759939,4.38101320189962,5.02922418541036,5.2596691681003
2,23,1.84198448059988,2.02690165245001,1.82365310180021,3.35535831679999,3.34050563086843,2.64015429649999,4.31394759359996,4.28098057215788,3.86450231500012,5.18168804499987,5.25331945359985,5.02722969920014
2,24,2.16137001122221,1.86156346258975,1.77411961090011,2.82340012049999,3.17056148220516,2.66328085699984,3.35802317270009,4.64826203612818,3.72733835540012,4.76485662266653,5.57275113122505,4.61771523459993
2,25,2.37324974888886,2.07237216641018,2.04209056522167,4.08256424699963,2.96589316722484,1.82223632849946,3.79392914577733,3.58042253400008,2.5435849687779,5.13509724433344,3.72940572237489,2.68218170139971
3,1,1.98157475379885,2.78701907656413,2.85374812122286,3.27546510540087,3.71792883830774,4.17465360040042,4.37211085210001,4.61443549973688,4.88257043039957,5.28617561400024,5.97808554134963,5.7684747036008
3,2,2.05848245587504,2.20569447383317,2.08335570312556,2.84216330730051,3.16140033676922,3.01668505599991,3.52684321300047,4.09297934874985,3.90592128277745,4.25857709199995,4.87194054917522,4.97259542109969
3,3,2.50622854855566,2.76918719111109,2.28850737733289,3.79868624442848,4.28211106500002,4.29420711277736,4.12058392355559,5.7477719376842,4.1568979712998,5.57484061887499,6.09450696718424,4.98853730829997
3,4,2.64496243488914,2.5197630541841,2.28919464359988,3.4107849276665,3.2303315856388,3.18649525929977,4.05828451488903,4.04870502408114,4.01018556655557,5.46408495366692,4.99206349560513,5.17050348289977
3,5,2.40035152622229,1.84557961235895,1.73863303079997,3.64342891577775,3.15924059967499,3.16129632269985,4.65513176720006,3.94997477286839,3.67866515040023,5.71206270969997,4.92088415484615,4.58053614410001
3,6,2.18646551019992,2.2660496731053,2.10886189933343,3.23738397579998,3.17292896463896,2.75245590877785,3.8354746144,4.21037817976923,3.35968420188884,4.15965017500002,4.67145533789998,4.88727354877796
3,7,2.33140433544456,2.48262526424323,2.24676804937496,3.54002663850006,3.74779154618918,3.61207861879993,4.53857781533346,4.84543435586841,4.64342304322225,5.16753019550006,5.16018673633339,4.86809069320016
3,8,1.41627745055505,1.95636454783793,2.04422413629982,2.18718011966767,2.77523234702609,2.72775067969997,3.36077597300118,3.58645343248701,3.25001666620046,4.06005511185711,4.20095913837522,4.38758521070049
3,9,1.9261971538888,2.48416866964994,2.3652032136999,2.88126865929989,3.19435720107877,2.96111934910023,3.58343985362512,4.37385621655281,4.13862697488892,4.60368805177758,5.30757172048727,5.10479796049985
3,10,1.78388891199938,2.43263662272743,1.99019834380015,2.09210291570052,3.35310437236375,2.56407339277818,2.82688530759988,3.42210057090015,2.86455603870054,3.59557285150004,4.33848113047497,2.62934640179956
3,11,1.57794100280025,1.65153875958317,1.74150631460016,2.40817747290002,2.62182281613506,2.68337492380015,3.40877923430016,3.27384379260538,3.51712970479984,4.31355607680052,3.95792697702701,4.3242839464001
3,12,2.50289667119978,2.57903411333347,2.41923101280045,3.04828743719954,3.52097320136866,3.52053167170052,3.80590767999965,4.32881628905129,4.34882675429981,4.45299576789912,5.26288629869996,4.86362043710033
3,13,0.671596975900025,1.84941972771055,1.95904862780008,1.37247250319997,2.50661070684625,2.69018782822241,1.83397537520004,3.05249062707696,4.09142895320001,2.0763068084,3.24795137839998,3.94029895839976
3,14,2.69828700590006,2.50430538742871,2.22438913020032,4.00523966388836,3.9689891953244,3.82585902329974,5.23035407777772,5.15764033184613,5.00012827559985,6.96952326230003,6.84420006368414,6.14648392479958
3,15,2.08477769679994,2.01998626862883,1.97218723100054,3.13459576139994,3.08197268223696,3.27513681177718,4.02408039833305,4.04213794674988,4.20846731700003,5.31325083969987,5.09989010871803,5.33052515679992
3,16,1.96248422155501,1.4026755347777,1.67670889969995,2.80431733010009,2.27350550359443,2.66257300039943,3.70598559340069,3.29012590502709,3.60275400309984,4.52117106410114,4.14671091957912,4.43635896579981
3,17,1.678216679,1.80753790084206,1.65030158200025,2.38444046955561,2.41119873358965,2.08214871055538,3.16989457799998,3.13812862499998,2.81297705809993,4.15442413222223,3.99417633417503,3.71431273000007
3,18,1.81011301110029,1.75368106582496,1.72617576155507,2.8085430684001,2.70498833915367,2.76442475029999,3.4222726322221,3.65414448730025,3.84607071488871,4.48340406444448,5.04201602432481,4.75850175549949
3,19,2.10432525388887,2.0132069111351,1.73850037811119,2.79597554549998,2.86049610359457,2.89810902309991,3.39400183890002,3.92771782436847,3.64441172709994,4.50076658855558,4.7871554812895,4.16312737900016
3,20,1.34632905470003,1.78923215781081,1.6513091797,2.7552882485715,2.74278698435005,2.58055382070006,3.11612108971427,3.85658023344996,3.47448290509992,3.56821043360005,4.75368480809998,4.79258002250008
3,21,2.9627561898889,2.74211312754052,3.21641931688888,3.52048557850003,3.32513928907684,3.62341018610005,4.56329740599997,4.06453272751282,4.18731861830011,5.61628744422223,4.779547920625,5.01153070110004
3,22,2.49266250911145,2.85268845002714,2.74184944269982,3.53882407919955,4.51558563329977,4.21873246433339,4.18450151899979,5.88417239427486,5.87511879900048,5.34328360439977,7.35197891245025,7.09586648580043
3,23,1.59344589660004,2.25328786947363,2.32587676380017,2.34038228639993,2.63125550913509,3.01148625229998,3.01522162710007,2.95286943948727,3.36463146099986,3.3502091415556,3.83124924364107,4.40573364388901
3,24,2.22249395711111,1.89322958227777,2.47780259633348,3.27462708949993,3.10603945632423,3.13467943889982,3.86448262177772,3.70776399459467,3.4059805709001,4.94170401900001,4.72581097168573,4.53747600580009
3,25,1.86501673477777,2.23435731633333,2.33976661730003,2.3480194264,3.5294014245641,3.65048469588884,3.02391052739998,4.30527512357897,3.9863171426,3.7894167827,4.83625114874997,4.86975901655559
